-7.418586e-02 -3.699492e-04
-7.418449e-02 -5.549243e-04
-7.418257e-02 -7.398998e-04
-7.418010e-02 -9.248759e-04
-7.417708e-02 -1.109853e-03
-7.417351e-02 -1.294831e-03
-7.416939e-02 -1.479810e-03
-7.416473e-02 -1.664790e-03
-7.415951e-02 -1.849772e-03
-7.415375e-02 -2.034755e-03
-7.414744e-02 -2.219740e-03
-7.414058e-02 -2.404727e-03
-7.413317e-02 -2.589716e-03
-7.412522e-02 -2.774708e-03
-7.411671e-02 -2.959701e-03
-7.410766e-02 -3.144697e-03
-7.409806e-02 -3.329696e-03
-7.408792e-02 -3.514698e-03
-7.407722e-02 -3.699703e-03
-7.406598e-02 -3.884710e-03
-7.405420e-02 -4.069721e-03
-7.404186e-02 -4.254736e-03
-7.402898e-02 -4.439754e-03
-7.401556e-02 -4.624775e-03
-7.400158e-02 -4.809801e-03
-7.398707e-02 -4.994830e-03
-7.397201e-02 -5.179864e-03
-7.395640e-02 -5.364902e-03
-7.394025e-02 -5.549944e-03
-7.392355e-02 -5.734991e-03
-7.390631e-02 -5.920042e-03
-7.388852e-02 -6.105098e-03
-7.387020e-02 -6.290159e-03
-7.385132e-02 -6.475225e-03
-7.383191e-02 -6.660296e-03
-7.381196e-02 -6.845373e-03
-7.379146e-02 -7.030454e-03
-7.377042e-02 -7.215542e-03
-7.374884e-02 -7.400634e-03
-7.372672e-02 -7.585733e-03
-7.370405e-02 -7.770837e-03
-7.368085e-02 -7.955947e-03
-7.365711e-02 -8.141063e-03
-7.363283e-02 -8.326185e-03
-7.360801e-02 -8.511314e-03
-7.358265e-02 -8.696448e-03
-7.355676e-02 -8.881589e-03
-7.353032e-02 -9.066737e-03
-7.350336e-02 -9.251891e-03
-7.347585e-02 -9.437051e-03
-7.344781e-02 -9.622218e-03
-7.341923e-02 -9.807392e-03
-7.339012e-02 -9.992573e-03
-7.336047e-02 -1.017776e-02
-7.333030e-02 -1.036296e-02
-7.329958e-02 -1.054816e-02
-7.326834e-02 -1.073337e-02
-7.323656e-02 -1.091858e-02
-7.320425e-02 -1.110380e-02
-7.317141e-02 -1.128903e-02
-7.313804e-02 -1.147427e-02
-7.310414e-02 -1.165952e-02
-7.306971e-02 -1.184477e-02
-7.303476e-02 -1.203003e-02
-7.299927e-02 -1.221529e-02
-7.296326e-02 -1.240057e-02
-7.292672e-02 -1.258585e-02
-7.288966e-02 -1.277113e-02
-7.285207e-02 -1.295643e-02
-7.281395e-02 -1.314173e-02
-7.277531e-02 -1.332704e-02
-7.273615e-02 -1.351236e-02
-7.269647e-02 -1.369769e-02
-7.265626e-02 -1.388302e-02
-7.261553e-02 -1.406836e-02
-7.257428e-02 -1.425371e-02
-7.253251e-02 -1.443906e-02
-7.249023e-02 -1.462442e-02
-7.244742e-02 -1.480979e-02
-7.240410e-02 -1.499517e-02
-7.236026e-02 -1.518055e-02
-7.231590e-02 -1.536594e-02
-7.227103e-02 -1.555133e-02
-7.222564e-02 -1.573674e-02
-7.217974e-02 -1.592215e-02
-7.213333e-02 -1.610756e-02
-7.208640e-02 -1.629299e-02
-7.203897e-02 -1.647842e-02
-7.199102e-02 -1.666386e-02
-7.194256e-02 -1.684930e-02
-7.189359e-02 -1.703475e-02
-7.184412e-02 -1.722020e-02
-7.179414e-02 -1.740566e-02
-7.174365e-02 -1.759113e-02
-7.169265e-02 -1.777660e-02
-7.164115e-02 -1.796208e-02
-7.158915e-02 -1.814757e-02
-7.153664e-02 -1.833306e-02
-7.148363e-02 -1.851855e-02
-7.143011e-02 -1.870405e-02
-7.137610e-02 -1.888956e-02
-7.132159e-02 -1.907507e-02
-7.126657e-02 -1.926058e-02
-7.121106e-02 -1.944610e-02
-7.115506e-02 -1.963162e-02
-7.109855e-02 -1.981715e-02
-7.104155e-02 -2.000268e-02
-7.098406e-02 -2.018822e-02
-7.092607e-02 -2.037376e-02
-7.086758e-02 -2.055930e-02
-7.080861e-02 -2.074484e-02
-7.074915e-02 -2.093039e-02
-7.068919e-02 -2.111594e-02
-7.062875e-02 -2.130149e-02
-7.056781e-02 -2.148705e-02
-7.050639e-02 -2.167260e-02
-7.044449e-02 -2.185816e-02
-7.038209e-02 -2.204372e-02
-7.031922e-02 -2.222928e-02
-7.025586e-02 -2.241484e-02
-7.019201e-02 -2.260041e-02
-7.012769e-02 -2.278597e-02
-7.006288e-02 -2.297153e-02
-6.999759e-02 -2.315709e-02
-6.993183e-02 -2.334266e-02
-6.986558e-02 -2.352822e-02
-6.979886e-02 -2.371378e-02
-6.973166e-02 -2.389933e-02
-6.966399e-02 -2.408489e-02
-6.959584e-02 -2.427044e-02
-6.952722e-02 -2.445600e-02
-6.945813e-02 -2.464155e-02
-6.938856e-02 -2.482709e-02
-6.931853e-02 -2.501263e-02
-6.924802e-02 -2.519817e-02
-6.917705e-02 -2.538371e-02
-6.910561e-02 -2.556924e-02
-6.903370e-02 -2.575476e-02
-6.896133e-02 -2.594028e-02
-6.888849e-02 -2.612579e-02
-6.881519e-02 -2.631130e-02
-6.874142e-02 -2.649680e-02
-6.866719e-02 -2.668229e-02
-6.859251e-02 -2.686778e-02
-6.851736e-02 -2.705326e-02
-6.844175e-02 -2.723873e-02
-6.836569e-02 -2.742419e-02
-6.828916e-02 -2.760964e-02
-6.821219e-02 -2.779509e-02
-6.813475e-02 -2.798052e-02
-6.805687e-02 -2.816594e-02
-6.797852e-02 -2.835135e-02
-6.789973e-02 -2.853675e-02
-6.782049e-02 -2.872214e-02
-6.774079e-02 -2.890752e-02
-6.766065e-02 -2.909288e-02
-6.758006e-02 -2.927823e-02
-6.749902e-02 -2.946356e-02
-6.741753e-02 -2.964889e-02
-6.733560e-02 -2.983419e-02
-6.725322e-02 -3.001948e-02
-6.717040e-02 -3.020476e-02
-6.708714e-02 -3.039002e-02
-6.700343e-02 -3.057526e-02
-6.691929e-02 -3.076049e-02
-6.683470e-02 -3.094569e-02
-6.674968e-02 -3.113088e-02
-6.666422e-02 -3.131605e-02
-6.657832e-02 -3.150120e-02
-6.649198e-02 -3.168633e-02
-6.640521e-02 -3.187143e-02
-6.631800e-02 -3.205652e-02
-6.623037e-02 -3.224158e-02
-6.614229e-02 -3.242663e-02
-6.605379e-02 -3.261165e-02
-6.596486e-02 -3.279664e-02
-6.587549e-02 -3.298161e-02
-6.578570e-02 -3.316656e-02
-6.569548e-02 -3.335148e-02
-6.560484e-02 -3.353637e-02
-6.551376e-02 -3.372123e-02
-6.542226e-02 -3.390607e-02
-6.533034e-02 -3.409088e-02
-6.523799e-02 -3.427567e-02
-6.514522e-02 -3.446042e-02
-6.505203e-02 -3.464514e-02
-6.495842e-02 -3.482983e-02
-6.486439e-02 -3.501449e-02
-6.476994e-02 -3.519912e-02
-6.467507e-02 -3.538371e-02
-6.457978e-02 -3.556827e-02
-6.448408e-02 -3.575280e-02
-6.438796e-02 -3.593729e-02
-6.429142e-02 -3.612175e-02
-6.419448e-02 -3.630617e-02
-6.409711e-02 -3.649055e-02
-6.399934e-02 -3.667490e-02
-6.390115e-02 -3.685921e-02
-6.380256e-02 -3.704347e-02
-6.370355e-02 -3.722770e-02
-6.360413e-02 -3.741189e-02
-6.350430e-02 -3.759604e-02
-6.340407e-02 -3.778014e-02
-6.330343e-02 -3.796420e-02
-6.320238e-02 -3.814822e-02
-6.310093e-02 -3.833219e-02
-6.299907e-02 -3.851612e-02
-6.289681e-02 -3.870000e-02
-6.279415e-02 -3.888384e-02
-6.269108e-02 -3.906762e-02
-6.258761e-02 -3.925136e-02
-6.248374e-02 -3.943506e-02
-6.237947e-02 -3.961870e-02
-6.227480e-02 -3.980229e-02
-6.216973e-02 -3.998583e-02
-6.206426e-02 -4.016931e-02
-6.195840e-02 -4.035275e-02
-6.185214e-02 -4.053613e-02
-6.174548e-02 -4.071945e-02
-6.163842e-02 -4.090272e-02
-6.153097e-02 -4.108594e-02
-6.142313e-02 -4.126910e-02
-6.131489e-02 -4.145220e-02
-6.120626e-02 -4.163524e-02
-6.109724e-02 -4.181822e-02
-6.098782e-02 -4.200114e-02
-6.087801e-02 -4.218400e-02
-6.076781e-02 -4.236680e-02
-6.065723e-02 -4.254953e-02
-6.054625e-02 -4.273221e-02
-6.043488e-02 -4.291481e-02
-6.032313e-02 -4.309736e-02
-6.021098e-02 -4.327983e-02
-6.009845e-02 -4.346224e-02
-5.998553e-02 -4.364458e-02
-5.987223e-02 -4.382685e-02
-5.975854e-02 -4.400906e-02
-5.964446e-02 -4.419119e-02
-5.953000e-02 -4.437325e-02
-5.941516e-02 -4.455524e-02
-5.929993e-02 -4.473715e-02
-5.918432e-02 -4.491899e-02
-5.906832e-02 -4.510076e-02
-5.895194e-02 -4.528245e-02
-5.883518e-02 -4.546407e-02
-5.871804e-02 -4.564560e-02
-5.860052e-02 -4.582706e-02
-5.848261e-02 -4.600844e-02
-5.836433e-02 -4.618974e-02
-5.824566e-02 -4.637096e-02
-5.812662e-02 -4.655209e-02
-5.800719e-02 -4.673314e-02
-5.788739e-02 -4.691411e-02
-5.776721e-02 -4.709500e-02
-5.764665e-02 -4.727580e-02
-5.752571e-02 -4.745651e-02
-5.740439e-02 -4.763713e-02
-5.728270e-02 -4.781767e-02
-5.716063e-02 -4.799812e-02
-5.703818e-02 -4.817847e-02
-5.691536e-02 -4.835874e-02
-5.679215e-02 -4.853891e-02
-5.666858e-02 -4.871900e-02
-5.654462e-02 -4.889898e-02
-5.642030e-02 -4.907888e-02
-5.629559e-02 -4.925867e-02
-5.617051e-02 -4.943837e-02
-5.604506e-02 -4.961798e-02
-5.591923e-02 -4.979748e-02
-5.579302e-02 -4.997689e-02
-5.566645e-02 -5.015619e-02
-5.553949e-02 -5.033540e-02
-5.541217e-02 -5.051450e-02
-5.528447e-02 -5.069350e-02
-5.515639e-02 -5.087239e-02
-5.502794e-02 -5.105118e-02
-5.489912e-02 -5.122987e-02
-5.476992e-02 -5.140844e-02
-5.464035e-02 -5.158691e-02
-5.451041e-02 -5.176527e-02
-5.438009e-02 -5.194353e-02
-5.424940e-02 -5.212167e-02
-5.411834e-02 -5.229970e-02
-5.398690e-02 -5.247762e-02
-5.385509e-02 -5.265542e-02
-5.372291e-02 -5.283311e-02
-5.359035e-02 -5.301069e-02
-5.345742e-02 -5.318814e-02
-5.332412e-02 -5.336549e-02
-5.319044e-02 -5.354271e-02
-5.305639e-02 -5.371982e-02
-5.292197e-02 -5.389680e-02
-5.278717e-02 -5.407367e-02
-5.265200e-02 -5.425041e-02
-5.251645e-02 -5.442703e-02
-5.238053e-02 -5.460353e-02
-5.224424e-02 -5.477990e-02
-5.210757e-02 -5.495615e-02
-5.197053e-02 -5.513227e-02
-5.183311e-02 -5.530827e-02
-5.169532e-02 -5.548413e-02
-5.155716e-02 -5.565987e-02
-5.141862e-02 -5.583548e-02
-5.127970e-02 -5.601095e-02
-5.114041e-02 -5.618630e-02
-5.100074e-02 -5.636151e-02
-5.086070e-02 -5.653659e-02
-5.072028e-02 -5.671153e-02
-5.057949e-02 -5.688634e-02
-5.043832e-02 -5.706101e-02
-5.029677e-02 -5.723555e-02
-5.015484e-02 -5.740994e-02
-5.001254e-02 -5.758420e-02
-4.986986e-02 -5.775832e-02
-4.972680e-02 -5.793229e-02
-4.958337e-02 -5.810613e-02
-4.943955e-02 -5.827982e-02
-4.929536e-02 -5.845337e-02
-4.915078e-02 -5.862677e-02
-4.900583e-02 -5.880003e-02
-4.886050e-02 -5.897314e-02
-4.871478e-02 -5.914610e-02
-4.856869e-02 -5.931891e-02
-4.842221e-02 -5.949158e-02
-4.827535e-02 -5.966410e-02
-4.812811e-02 -5.983646e-02
-4.798049e-02 -6.000867e-02
-4.783249e-02 -6.018073e-02
-4.768410e-02 -6.035264e-02
-4.753533e-02 -6.052439e-02
-4.738617e-02 -6.069599e-02
-4.723663e-02 -6.086743e-02
-4.708670e-02 -6.103871e-02
-4.693639e-02 -6.120983e-02
-4.678569e-02 -6.138080e-02
-4.663460e-02 -6.155160e-02
-4.648313e-02 -6.172225e-02
-4.633127e-02 -6.189273e-02
-4.617902e-02 -6.206305e-02
-4.602638e-02 -6.223321e-02
-4.587335e-02 -6.240320e-02
-4.571994e-02 -6.257302e-02
-4.556613e-02 -6.274268e-02
-4.541193e-02 -6.291218e-02
-4.525734e-02 -6.308150e-02
-4.510235e-02 -6.325066e-02
-4.494697e-02 -6.341965e-02
-4.479120e-02 -6.358846e-02
-4.463504e-02 -6.375711e-02
-4.447848e-02 -6.392558e-02
-4.432152e-02 -6.409388e-02
-4.416417e-02 -6.426200e-02
-4.400642e-02 -6.442995e-02
-4.384827e-02 -6.459772e-02
-4.368973e-02 -6.476532e-02
-4.353078e-02 -6.493274e-02
-4.337144e-02 -6.509998e-02
-4.321169e-02 -6.526704e-02
-4.305155e-02 -6.543392e-02
-4.289100e-02 -6.560062e-02
-4.273005e-02 -6.576714e-02
-4.256870e-02 -6.593347e-02
-4.240694e-02 -6.609962e-02
-4.224478e-02 -6.626559e-02
-4.208221e-02 -6.643137e-02
-4.191924e-02 -6.659696e-02
-4.175586e-02 -6.676237e-02
-4.159207e-02 -6.692759e-02
-4.142787e-02 -6.709262e-02
-4.126327e-02 -6.725746e-02
-4.109825e-02 -6.742211e-02
-4.093283e-02 -6.758657e-02
-4.076699e-02 -6.775083e-02
-4.060074e-02 -6.791490e-02
-4.043407e-02 -6.807878e-02
-4.026699e-02 -6.824247e-02
-4.009950e-02 -6.840595e-02
-3.993159e-02 -6.856924e-02
-3.976327e-02 -6.873234e-02
-3.959452e-02 -6.889523e-02
-3.942536e-02 -6.905792e-02
-3.925578e-02 -6.922042e-02
-3.908578e-02 -6.938271e-02
-3.891536e-02 -6.954480e-02
-3.874452e-02 -6.970669e-02
-3.857325e-02 -6.986838e-02
-3.840156e-02 -7.002986e-02
-3.822945e-02 -7.019113e-02
-3.805691e-02 -7.035220e-02
-3.788395e-02 -7.051306e-02
-3.771056e-02 -7.067371e-02
-3.753674e-02 -7.083416e-02
-3.736249e-02 -7.099439e-02
-3.718782e-02 -7.115441e-02
-3.701271e-02 -7.131423e-02
-3.683717e-02 -7.147383e-02
-3.666120e-02 -7.163321e-02
-3.648480e-02 -7.179238e-02
-3.630796e-02 -7.195134e-02
-3.613069e-02 -7.211008e-02
-3.595298e-02 -7.226860e-02
-3.577484e-02 -7.242691e-02
-3.559625e-02 -7.258500e-02
-3.541723e-02 -7.274286e-02
-3.523777e-02 -7.290051e-02
-3.505787e-02 -7.305793e-02
-3.487753e-02 -7.321514e-02
-3.469675e-02 -7.337212e-02
-3.451552e-02 -7.352887e-02
-3.433385e-02 -7.368540e-02
-3.415174e-02 -7.384170e-02
-3.396918e-02 -7.399778e-02
-3.378617e-02 -7.415363e-02
-3.360272e-02 -7.430925e-02
-3.341882e-02 -7.446464e-02
-3.323446e-02 -7.461980e-02
-3.304966e-02 -7.477473e-02
-3.286441e-02 -7.492942e-02
-3.267870e-02 -7.508389e-02
-3.249254e-02 -7.523811e-02
-3.230593e-02 -7.539211e-02
-3.211886e-02 -7.554586e-02
-3.193134e-02 -7.569938e-02
-3.174336e-02 -7.585266e-02
-3.155493e-02 -7.600570e-02
-3.136603e-02 -7.615850e-02
-3.117668e-02 -7.631106e-02
-3.098686e-02 -7.646337e-02
-3.079659e-02 -7.661545e-02
-3.060585e-02 -7.676727e-02
-3.041465e-02 -7.691886e-02
-3.022299e-02 -7.707019e-02
-3.003086e-02 -7.722128e-02
-2.983827e-02 -7.737212e-02
-2.964521e-02 -7.752272e-02
-2.945168e-02 -7.767306e-02
-2.925769e-02 -7.782315e-02
-2.906323e-02 -7.797298e-02
-2.886829e-02 -7.812257e-02
-2.867289e-02 -7.827189e-02
-2.847702e-02 -7.842096e-02
-2.828067e-02 -7.856978e-02
-2.808385e-02 -7.871834e-02
-2.788656e-02 -7.886663e-02
-2.768879e-02 -7.901467e-02
-2.749055e-02 -7.916245e-02
-2.729183e-02 -7.930996e-02
-2.709264e-02 -7.945721e-02
-2.689297e-02 -7.960420e-02
-2.669281e-02 -7.975092e-02
-2.649218e-02 -7.989737e-02
-2.629107e-02 -8.004355e-02
-2.608948e-02 -8.018946e-02
-2.588741e-02 -8.033511e-02
-2.568486e-02 -8.048048e-02
-2.548182e-02 -8.062558e-02
-2.527830e-02 -8.077040e-02
-2.507429e-02 -8.091495e-02
-2.486980e-02 -8.105922e-02
-2.466483e-02 -8.120321e-02
-2.445936e-02 -8.134693e-02
-2.425341e-02 -8.149036e-02
-2.404697e-02 -8.163351e-02
-2.384005e-02 -8.177638e-02
-2.363263e-02 -8.191896e-02
-2.342473e-02 -8.206126e-02
-2.321633e-02 -8.220327e-02
-2.300745e-02 -8.234499e-02
-2.279807e-02 -8.248642e-02
-2.258820e-02 -8.262756e-02
-2.237784e-02 -8.276840e-02
-2.216698e-02 -8.290896e-02
-2.195563e-02 -8.304921e-02
-2.174379e-02 -8.318917e-02
-2.153145e-02 -8.332884e-02
-2.131861e-02 -8.346820e-02
-2.110528e-02 -8.360726e-02
-2.089145e-02 -8.374601e-02
-2.067713e-02 -8.388447e-02
-2.046231e-02 -8.402261e-02
-2.024699e-02 -8.416045e-02
-2.003117e-02 -8.429798e-02
-1.981485e-02 -8.443520e-02
-1.959803e-02 -8.457211e-02
-1.938072e-02 -8.470870e-02
-1.916290e-02 -8.484498e-02
-1.894458e-02 -8.498094e-02
-1.872577e-02 -8.511659e-02
-1.850645e-02 -8.525191e-02
-1.828663e-02 -8.538691e-02
-1.806630e-02 -8.552158e-02
-1.784548e-02 -8.565593e-02
-1.762415e-02 -8.578996e-02
-1.740232e-02 -8.592365e-02
-1.717999e-02 -8.605702e-02
-1.695715e-02 -8.619005e-02
-1.673381e-02 -8.632275e-02
-1.650997e-02 -8.645511e-02
-1.628562e-02 -8.658713e-02
-1.606077e-02 -8.671881e-02
-1.583541e-02 -8.685015e-02
-1.560955e-02 -8.698115e-02
-1.538319e-02 -8.711180e-02
-1.515632e-02 -8.724211e-02
-1.492894e-02 -8.737206e-02
-1.470107e-02 -8.750167e-02
-1.447268e-02 -8.763092e-02
-1.424379e-02 -8.775981e-02
-1.401440e-02 -8.788835e-02
-1.378450e-02 -8.801652e-02
-1.355409e-02 -8.814434e-02
-1.332318e-02 -8.827179e-02
-1.309177e-02 -8.839888e-02
-1.285985e-02 -8.852559e-02
-1.262743e-02 -8.865194e-02
-1.239450e-02 -8.877791e-02
-1.216106e-02 -8.890351e-02
-1.192713e-02 -8.902874e-02
-1.169269e-02 -8.915358e-02
-1.145774e-02 -8.927804e-02
-1.122229e-02 -8.940212e-02
-1.098634e-02 -8.952581e-02
-1.074988e-02 -8.964911e-02
-1.051292e-02 -8.977202e-02
-1.027546e-02 -8.989454e-02
-1.003749e-02 -9.001666e-02
-9.799022e-03 -9.013838e-02
-9.560053e-03 -9.025971e-02
-9.320582e-03 -9.038062e-02
-9.080609e-03 -9.050114e-02
-8.840137e-03 -9.062124e-02
-8.599164e-03 -9.074093e-02
-8.357691e-03 -9.086021e-02
-8.115718e-03 -9.097907e-02
-7.873247e-03 -9.109752e-02
-7.630278e-03 -9.121554e-02
-7.386811e-03 -9.133313e-02
-7.142847e-03 -9.145030e-02
-6.898387e-03 -9.156704e-02
-6.653430e-03 -9.168335e-02
-6.407978e-03 -9.179922e-02
-6.162032e-03 -9.191465e-02
-5.915591e-03 -9.202963e-02
-5.668658e-03 -9.214418e-02
-5.421232e-03 -9.225827e-02
-5.173314e-03 -9.237192e-02
-4.924906e-03 -9.248511e-02
-4.676007e-03 -9.259785e-02
-4.426619e-03 -9.271012e-02
-4.176743e-03 -9.282193e-02
-3.926379e-03 -9.293328e-02
-3.675529e-03 -9.304415e-02
-3.424193e-03 -9.315456e-02
-3.172372e-03 -9.326448e-02
-2.920068e-03 -9.337393e-02
-2.667281e-03 -9.348290e-02
-2.414012e-03 -9.359138e-02
-2.160263e-03 -9.369937e-02
-1.906034e-03 -9.380687e-02
-1.651327e-03 -9.391387e-02
-1.396143e-03 -9.402037e-02
-1.140482e-03 -9.412637e-02
-8.843474e-04 -9.423186e-02
-6.277387e-04 -9.433685e-02
-3.706577e-04 -9.444132e-02
-1.131056e-04 -9.454527e-02
1.449163e-04 -9.464870e-02
4.034066e-04 -9.475160e-02
6.623639e-04 -9.485398e-02
9.217869e-04 -9.495582e-02
1.181674e-03 -9.505713e-02
1.442024e-03 -9.515790e-02
1.702836e-03 -9.525812e-02
1.964107e-03 -9.535780e-02
2.225836e-03 -9.545693e-02
2.488023e-03 -9.555549e-02
2.750664e-03 -9.565350e-02
3.013759e-03 -9.575095e-02
3.277306e-03 -9.584783e-02
3.541303e-03 -9.594413e-02
3.805749e-03 -9.603986e-02
4.070642e-03 -9.613501e-02
4.335979e-03 -9.622957e-02
4.601760e-03 -9.632354e-02
4.867982e-03 -9.641693e-02
5.134644e-03 -9.650971e-02
5.401744e-03 -9.660189e-02
5.669279e-03 -9.669346e-02
5.937249e-03 -9.678443e-02
6.205650e-03 -9.687478e-02
6.474481e-03 -9.696450e-02
6.743741e-03 -9.705361e-02
7.013426e-03 -9.714208e-02
7.283535e-03 -9.722992e-02
7.554066e-03 -9.731712e-02
7.825016e-03 -9.740368e-02
8.096383e-03 -9.748959e-02
8.368166e-03 -9.757485e-02
8.640362e-03 -9.765945e-02
8.912969e-03 -9.774339e-02
9.185983e-03 -9.782666e-02
9.459404e-03 -9.790925e-02
9.733229e-03 -9.799117e-02
1.000746e-02 -9.807241e-02
1.028208e-02 -9.815296e-02
1.055710e-02 -9.823281e-02
1.083252e-02 -9.831197e-02
1.110833e-02 -9.839043e-02
1.138452e-02 -9.846817e-02
1.166110e-02 -9.854521e-02
1.193807e-02 -9.862152e-02
1.221542e-02 -9.869711e-02
1.249315e-02 -9.877197e-02
1.277125e-02 -9.884610e-02
1.304972e-02 -9.891948e-02
1.332857e-02 -9.899212e-02
1.360778e-02 -9.906401e-02
1.388736e-02 -9.913514e-02
1.416730e-02 -9.920550e-02
1.444760e-02 -9.927510e-02
1.472826e-02 -9.934393e-02
1.500927e-02 -9.941197e-02
1.529063e-02 -9.947923e-02
1.557233e-02 -9.954570e-02
1.585438e-02 -9.961137e-02
1.613678e-02 -9.967623e-02
1.641951e-02 -9.974029e-02
1.670257e-02 -9.980353e-02
1.698597e-02 -9.986595e-02
1.726970e-02 -9.992755e-02
1.755375e-02 -9.998831e-02
1.783812e-02 -1.000482e-01
1.812282e-02 -1.001073e-01
1.840783e-02 -1.001655e-01
1.869315e-02 -1.002229e-01
1.897878e-02 -1.002794e-01
1.926472e-02 -1.003350e-01
1.955095e-02 -1.003898e-01
1.983749e-02 -1.004436e-01
2.012432e-02 -1.004966e-01
2.041145e-02 -1.005487e-01
2.069886e-02 -1.005999e-01
2.098656e-02 -1.006501e-01
2.127453e-02 -1.006995e-01
2.156279e-02 -1.007479e-01
2.185132e-02 -1.007954e-01
2.214012e-02 -1.008420e-01
2.242918e-02 -1.008876e-01
2.271851e-02 -1.009323e-01
2.300809e-02 -1.009760e-01
2.329794e-02 -1.010188e-01
2.358803e-02 -1.010606e-01
2.387837e-02 -1.011014e-01
2.416895e-02 -1.011412e-01
2.445977e-02 -1.011800e-01
2.475083e-02 -1.012178e-01
2.504211e-02 -1.012547e-01
2.533363e-02 -1.012905e-01
2.562537e-02 -1.013253e-01
2.591732e-02 -1.013591e-01
2.620950e-02 -1.013918e-01
2.650188e-02 -1.014235e-01
2.679447e-02 -1.014541e-01
2.708726e-02 -1.014837e-01
2.738025e-02 -1.015123e-01
2.767343e-02 -1.015397e-01
2.796680e-02 -1.015661e-01
2.826036e-02 -1.015914e-01
2.855410e-02 -1.016156e-01
2.884802e-02 -1.016387e-01
2.914210e-02 -1.016607e-01
2.943636e-02 -1.016816e-01
2.973078e-02 -1.017013e-01
3.002535e-02 -1.017200e-01
3.032008e-02 -1.017374e-01
3.061496e-02 -1.017538e-01
3.090999e-02 -1.017690e-01
3.120515e-02 -1.017830e-01
3.150045e-02 -1.017959e-01
3.179588e-02 -1.018076e-01
3.209144e-02 -1.018181e-01
3.238712e-02 -1.018274e-01
3.268291e-02 -1.018355e-01
3.297882e-02 -1.018424e-01
3.327484e-02 -1.018481e-01
3.357095e-02 -1.018525e-01
3.386717e-02 -1.018558e-01
3.416347e-02 -1.018577e-01
3.445987e-02 -1.018585e-01
3.475634e-02 -1.018580e-01
3.505290e-02 -1.018562e-01
3.534952e-02 -1.018532e-01
3.564622e-02 -1.018488e-01
3.594297e-02 -1.018432e-01
3.623978e-02 -1.018363e-01
3.653665e-02 -1.018281e-01
3.683356e-02 -1.018185e-01
3.713052e-02 -1.018077e-01
3.742751e-02 -1.017955e-01
3.772453e-02 -1.017820e-01
3.802158e-02 -1.017671e-01
3.831865e-02 -1.017509e-01
3.861573e-02 -1.017333e-01
3.891283e-02 -1.017144e-01
3.920993e-02 -1.016941e-01
3.950703e-02 -1.016724e-01
3.980413e-02 -1.016492e-01
4.010121e-02 -1.016247e-01
4.039828e-02 -1.015988e-01
4.069532e-02 -1.015715e-01
4.099234e-02 -1.015427e-01
4.128932e-02 -1.015125e-01
4.158627e-02 -1.014808e-01
4.188317e-02 -1.014477e-01
4.218002e-02 -1.014131e-01
4.247682e-02 -1.013771e-01
4.277355e-02 -1.013396e-01
4.307022e-02 -1.013006e-01
4.336682e-02 -1.012601e-01
4.366334e-02 -1.012181e-01
4.395977e-02 -1.011745e-01
4.425612e-02 -1.011295e-01
4.455237e-02 -1.010829e-01
4.484851e-02 -1.010348e-01
4.514456e-02 -1.009852e-01
4.544049e-02 -1.009339e-01
4.573630e-02 -1.008812e-01
4.603198e-02 -1.008268e-01
4.632754e-02 -1.007709e-01
4.662296e-02 -1.007134e-01
4.691824e-02 -1.006543e-01
4.721337e-02 -1.005935e-01
4.750834e-02 -1.005312e-01
4.780316e-02 -1.004673e-01
4.809781e-02 -1.004017e-01
4.839228e-02 -1.003344e-01
4.868658e-02 -1.002656e-01
4.898070e-02 -1.001950e-01
4.927463e-02 -1.001228e-01
4.956836e-02 -1.000490e-01
4.986188e-02 -9.997344e-02
5.015520e-02 -9.989620e-02
5.044830e-02 -9.981727e-02
5.074119e-02 -9.973663e-02
5.103384e-02 -9.965427e-02
5.132627e-02 -9.957020e-02
5.161845e-02 -9.948439e-02
5.191039e-02 -9.939685e-02
5.220207e-02 -9.930756e-02
5.249350e-02 -9.921651e-02
5.278466e-02 -9.912371e-02
5.307556e-02 -9.902913e-02
5.336617e-02 -9.893277e-02
5.365650e-02 -9.883462e-02
5.394655e-02 -9.873468e-02
5.423629e-02 -9.863294e-02
5.452574e-02 -9.852938e-02
5.481487e-02 -9.842401e-02
5.510369e-02 -9.831681e-02
5.539219e-02 -9.820777e-02
5.568036e-02 -9.809689e-02
5.596820e-02 -9.798417e-02
5.625570e-02 -9.786958e-02
5.654284e-02 -9.775313e-02
5.682964e-02 -9.763480e-02
5.711607e-02 -9.751460e-02
5.740214e-02 -9.739250e-02
5.768784e-02 -9.726851e-02
5.797315e-02 -9.714262e-02
5.825808e-02 -9.701481e-02
5.854262e-02 -9.688509e-02
5.882676e-02 -9.675344e-02
5.911049e-02 -9.661986e-02
5.939381e-02 -9.648433e-02
5.967671e-02 -9.634686e-02
5.995918e-02 -9.620744e-02
6.024123e-02 -9.606605e-02
6.052283e-02 -9.592270e-02
6.080399e-02 -9.577737e-02
6.108470e-02 -9.563005e-02
6.136495e-02 -9.548075e-02
6.164473e-02 -9.532945e-02
6.192404e-02 -9.517615e-02
6.220288e-02 -9.502084e-02
6.248123e-02 -9.486351e-02
6.275908e-02 -9.470416e-02
6.303644e-02 -9.454278e-02
6.331330e-02 -9.437937e-02
6.358964e-02 -9.421391e-02
6.386547e-02 -9.404640e-02
6.414077e-02 -9.387684e-02
6.441554e-02 -9.370522e-02
6.468977e-02 -9.353153e-02
6.496345e-02 -9.335577e-02
6.523659e-02 -9.317794e-02
6.550916e-02 -9.299801e-02
6.578118e-02 -9.281600e-02
6.605262e-02 -9.263189e-02
6.632348e-02 -9.244568e-02
6.659376e-02 -9.225736e-02
6.686344e-02 -9.206693e-02
6.713253e-02 -9.187438e-02
6.740101e-02 -9.167971e-02
6.766888e-02 -9.148291e-02
6.793613e-02 -9.128398e-02
6.820276e-02 -9.108291e-02
6.846876e-02 -9.087970e-02
6.873412e-02 -9.067434e-02
6.899883e-02 -9.046682e-02
6.926289e-02 -9.025715e-02
6.952629e-02 -9.004532e-02
6.978903e-02 -8.983132e-02
7.005109e-02 -8.961515e-02
7.031248e-02 -8.939681e-02
7.057318e-02 -8.917628e-02
7.083319e-02 -8.895358e-02
7.109250e-02 -8.872868e-02
7.135111e-02 -8.850160e-02
7.160901e-02 -8.827232e-02
7.186618e-02 -8.804084e-02
7.212263e-02 -8.780717e-02
7.237835e-02 -8.757128e-02
7.263333e-02 -8.733319e-02
7.288757e-02 -8.709289e-02
7.314106e-02 -8.685037e-02
7.339378e-02 -8.660564e-02
7.364575e-02 -8.635868e-02
7.389694e-02 -8.610950e-02
7.414735e-02 -8.585810e-02
7.439698e-02 -8.560447e-02
7.464581e-02 -8.534861e-02
7.489385e-02 -8.509051e-02
7.514109e-02 -8.483018e-02
7.538751e-02 -8.456762e-02
7.563312e-02 -8.430281e-02
7.587790e-02 -8.403577e-02
7.612186e-02 -8.376648e-02
7.636497e-02 -8.349495e-02
7.660724e-02 -8.322117e-02
7.684867e-02 -8.294515e-02
7.708923e-02 -8.266688e-02
7.732894e-02 -8.238636e-02
7.756777e-02 -8.210359e-02
7.780573e-02 -8.181858e-02
7.804281e-02 -8.153131e-02
7.827899e-02 -8.124179e-02
7.851429e-02 -8.095002e-02
7.874868e-02 -8.065600e-02
7.898216e-02 -8.035973e-02
7.921473e-02 -8.006120e-02
7.944638e-02 -7.976043e-02
7.967710e-02 -7.945740e-02
7.990689e-02 -7.915212e-02
8.013575e-02 -7.884460e-02
8.036365e-02 -7.853482e-02
8.059060e-02 -7.822280e-02
8.081660e-02 -7.790853e-02
8.104163e-02 -7.759202e-02
8.126569e-02 -7.727326e-02
8.148877e-02 -7.695226e-02
8.171087e-02 -7.662902e-02
8.193198e-02 -7.630354e-02
8.215210e-02 -7.597582e-02
8.237121e-02 -7.564586e-02
8.258932e-02 -7.531368e-02
8.280641e-02 -7.497926e-02
8.302249e-02 -7.464262e-02
8.323754e-02 -7.430375e-02
8.345155e-02 -7.396266e-02
8.366453e-02 -7.361935e-02
8.387647e-02 -7.327383e-02
8.408735e-02 -7.292609e-02
8.429718e-02 -7.257614e-02
8.450595e-02 -7.222399e-02
8.471365e-02 -7.186964e-02
8.492028e-02 -7.151309e-02
8.512583e-02 -7.115435e-02
8.533029e-02 -7.079341e-02
8.553367e-02 -7.043030e-02
8.573594e-02 -7.006500e-02
8.593712e-02 -6.969753e-02
8.613718e-02 -6.932789e-02
8.633613e-02 -6.895608e-02
8.653397e-02 -6.858211e-02
8.673068e-02 -6.820599e-02
8.692625e-02 -6.782773e-02
8.712069e-02 -6.744731e-02
8.731399e-02 -6.706476e-02
8.750614e-02 -6.668008e-02
8.769714e-02 -6.629328e-02
8.788698e-02 -6.590436e-02
8.807566e-02 -6.551332e-02
8.826316e-02 -6.512018e-02
8.844950e-02 -6.472495e-02
8.863465e-02 -6.432762e-02
8.881861e-02 -6.392821e-02
8.900139e-02 -6.352672e-02
8.918297e-02 -6.312316e-02
8.936334e-02 -6.271754e-02
8.954251e-02 -6.230987e-02
8.972047e-02 -6.190016e-02
8.989721e-02 -6.148840e-02
9.007273e-02 -6.107462e-02
9.024702e-02 -6.065882e-02
9.042008e-02 -6.024101e-02
9.059190e-02 -5.982120e-02
9.076248e-02 -5.939939e-02
9.093181e-02 -5.897560e-02
9.109989e-02 -5.854983e-02
9.126671e-02 -5.812210e-02
9.143226e-02 -5.769241e-02
9.159655e-02 -5.726078e-02
9.175957e-02 -5.682721e-02
9.192131e-02 -5.639172e-02
9.208177e-02 -5.595431e-02
9.224094e-02 -5.551500e-02
9.239882e-02 -5.507379e-02
9.255541e-02 -5.463070e-02
9.271069e-02 -5.418574e-02
9.286467e-02 -5.373892e-02
9.301734e-02 -5.329025e-02
9.316870e-02 -5.283974e-02
9.331873e-02 -5.238741e-02
9.346744e-02 -5.193326e-02
9.361483e-02 -5.147731e-02
9.376088e-02 -5.101956e-02
9.390560e-02 -5.056004e-02
9.404897e-02 -5.009876e-02
9.419100e-02 -4.963572e-02
9.433168e-02 -4.917094e-02
9.447101e-02 -4.870444e-02
9.460898e-02 -4.823622e-02
9.474559e-02 -4.776629e-02
9.488083e-02 -4.729469e-02
9.501470e-02 -4.682140e-02
9.514720e-02 -4.634646e-02
9.527832e-02 -4.586987e-02
9.540806e-02 -4.539164e-02
9.553641e-02 -4.491180e-02
9.566337e-02 -4.443036e-02
9.578894e-02 -4.394732e-02
9.591311e-02 -4.346271e-02
9.603588e-02 -4.297654e-02
9.615724e-02 -4.248882e-02
9.627720e-02 -4.199957e-02
9.639574e-02 -4.150881e-02
9.651287e-02 -4.101654e-02
9.662858e-02 -4.052279e-02
9.674286e-02 -4.002757e-02
9.685572e-02 -3.953090e-02
9.696715e-02 -3.903278e-02
9.707715e-02 -3.853325e-02
9.718571e-02 -3.803231e-02
9.729283e-02 -3.752998e-02
9.739851e-02 -3.702628e-02
9.750274e-02 -3.652122e-02
9.760552e-02 -3.601482e-02
9.770685e-02 -3.550709e-02
9.780672e-02 -3.499806e-02
9.790514e-02 -3.448774e-02
9.800209e-02 -3.397615e-02
9.809758e-02 -3.346330e-02
9.819160e-02 -3.294921e-02
9.828415e-02 -3.243390e-02
9.837523e-02 -3.191739e-02
9.846483e-02 -3.139970e-02
9.855295e-02 -3.088083e-02
9.863959e-02 -3.036082e-02
9.872475e-02 -2.983968e-02
9.880842e-02 -2.931742e-02
9.889060e-02 -2.879406e-02
9.897128e-02 -2.826963e-02
9.905048e-02 -2.774414e-02
9.912818e-02 -2.721761e-02
9.920437e-02 -2.669006e-02
9.927907e-02 -2.616151e-02
9.935226e-02 -2.563197e-02
9.942395e-02 -2.510147e-02
9.949413e-02 -2.457003e-02
9.956280e-02 -2.403765e-02
9.962995e-02 -2.350437e-02
9.969559e-02 -2.297020e-02
9.975972e-02 -2.243517e-02
9.982232e-02 -2.189928e-02
9.988341e-02 -2.136257e-02
9.994297e-02 -2.082504e-02
1.000010e-01 -2.028673e-02
1.000575e-01 -1.974764e-02
1.001125e-01 -1.920781e-02
1.001660e-01 -1.866724e-02
1.002179e-01 -1.812596e-02
1.002683e-01 -1.758400e-02
1.003171e-01 -1.704136e-02
1.003645e-01 -1.649808e-02
1.004102e-01 -1.595416e-02
1.004545e-01 -1.540964e-02
1.004972e-01 -1.486453e-02
1.005383e-01 -1.431885e-02
1.005780e-01 -1.377262e-02
1.006160e-01 -1.322586e-02
1.006526e-01 -1.267860e-02
1.006876e-01 -1.213085e-02
1.007210e-01 -1.158264e-02
1.007529e-01 -1.103399e-02
1.007832e-01 -1.048491e-02
1.008120e-01 -9.935426e-03
1.008393e-01 -9.385564e-03
1.008649e-01 -8.835341e-03
1.008891e-01 -8.284779e-03
1.009117e-01 -7.733898e-03
1.009327e-01 -7.182721e-03
1.009522e-01 -6.631267e-03
1.009701e-01 -6.079558e-03
1.009864e-01 -5.527616e-03
1.010012e-01 -4.975461e-03
1.010145e-01 -4.423114e-03
1.010262e-01 -3.870598e-03
1.010363e-01 -3.317932e-03
1.010449e-01 -2.765138e-03
1.010519e-01 -2.212238e-03
1.010574e-01 -1.659253e-03
1.010612e-01 -1.106204e-03
1.010636e-01 -5.531129e-04
1.010644e-01 0.000000e+00
1.010636e-01 5.531129e-04
1.010612e-01 1.106204e-03
1.010574e-01 1.659253e-03
1.010519e-01 2.212238e-03
1.010449e-01 2.765138e-03
1.010363e-01 3.317932e-03
1.010262e-01 3.870598e-03
1.010145e-01 4.423114e-03
1.010012e-01 4.975461e-03
1.009864e-01 5.527616e-03
1.009701e-01 6.079558e-03
1.009522e-01 6.631267e-03
1.009327e-01 7.182721e-03
1.009117e-01 7.733898e-03
1.008891e-01 8.284779e-03
1.008649e-01 8.835341e-03
1.008393e-01 9.385564e-03
1.008120e-01 9.935426e-03
1.007832e-01 1.048491e-02
1.007529e-01 1.103399e-02
1.007210e-01 1.158264e-02
1.006876e-01 1.213085e-02
1.006526e-01 1.267860e-02
1.006160e-01 1.322586e-02
1.005780e-01 1.377262e-02
1.005383e-01 1.431885e-02
1.004972e-01 1.486453e-02
1.004545e-01 1.540964e-02
1.004102e-01 1.595416e-02
1.003645e-01 1.649808e-02
1.003171e-01 1.704136e-02
1.002683e-01 1.758400e-02
1.002179e-01 1.812596e-02
1.001660e-01 1.866724e-02
1.001125e-01 1.920781e-02
1.000575e-01 1.974764e-02
1.000010e-01 2.028673e-02
9.994297e-02 2.082504e-02
9.988341e-02 2.136257e-02
9.982232e-02 2.189928e-02
9.975972e-02 2.243517e-02
9.969559e-02 2.297020e-02
9.962995e-02 2.350437e-02
9.956280e-02 2.403765e-02
9.949413e-02 2.457003e-02
9.942395e-02 2.510147e-02
9.935226e-02 2.563197e-02
9.927907e-02 2.616151e-02
9.920437e-02 2.669006e-02
9.912818e-02 2.721761e-02
9.905048e-02 2.774414e-02
9.897128e-02 2.826963e-02
9.889060e-02 2.879406e-02
9.880842e-02 2.931742e-02
9.872475e-02 2.983968e-02
9.863959e-02 3.036082e-02
9.855295e-02 3.088083e-02
9.846483e-02 3.139970e-02
9.837523e-02 3.191739e-02
9.828415e-02 3.243390e-02
9.819160e-02 3.294921e-02
9.809758e-02 3.346330e-02
9.800209e-02 3.397615e-02
9.790514e-02 3.448774e-02
9.780672e-02 3.499806e-02
9.770685e-02 3.550709e-02
9.760552e-02 3.601482e-02
9.750274e-02 3.652122e-02
9.739851e-02 3.702628e-02
9.729283e-02 3.752998e-02
9.718571e-02 3.803231e-02
9.707715e-02 3.853325e-02
9.696715e-02 3.903278e-02
9.685572e-02 3.953090e-02
9.674286e-02 4.002757e-02
9.662858e-02 4.052279e-02
9.651287e-02 4.101654e-02
9.639574e-02 4.150881e-02
9.627720e-02 4.199957e-02
9.615724e-02 4.248882e-02
9.603588e-02 4.297654e-02
9.591311e-02 4.346271e-02
9.578894e-02 4.394732e-02
9.566337e-02 4.443036e-02
9.553641e-02 4.491180e-02
9.540806e-02 4.539164e-02
9.527832e-02 4.586987e-02
9.514720e-02 4.634646e-02
9.501470e-02 4.682140e-02
9.488083e-02 4.729469e-02
9.474559e-02 4.776629e-02
9.460898e-02 4.823622e-02
9.447101e-02 4.870444e-02
9.433168e-02 4.917094e-02
9.419100e-02 4.963572e-02
9.404897e-02 5.009876e-02
9.390560e-02 5.056004e-02
9.376088e-02 5.101956e-02
9.361483e-02 5.147731e-02
9.346744e-02 5.193326e-02
9.331873e-02 5.238741e-02
9.316870e-02 5.283974e-02
9.301734e-02 5.329025e-02
9.286467e-02 5.373892e-02
9.271069e-02 5.418574e-02
9.255541e-02 5.463070e-02
9.239882e-02 5.507379e-02
9.224094e-02 5.551500e-02
9.208177e-02 5.595431e-02
9.192131e-02 5.639172e-02
9.175957e-02 5.682721e-02
9.159655e-02 5.726078e-02
9.143226e-02 5.769241e-02
9.126671e-02 5.812210e-02
9.109989e-02 5.854983e-02
9.093181e-02 5.897560e-02
9.076248e-02 5.939939e-02
9.059190e-02 5.982120e-02
9.042008e-02 6.024101e-02
9.024702e-02 6.065882e-02
9.007273e-02 6.107462e-02
8.989721e-02 6.148840e-02
8.972047e-02 6.190016e-02
8.954251e-02 6.230987e-02
8.936334e-02 6.271754e-02
8.918297e-02 6.312316e-02
8.900139e-02 6.352672e-02
8.881861e-02 6.392821e-02
8.863465e-02 6.432762e-02
8.844950e-02 6.472495e-02
8.826316e-02 6.512018e-02
8.807566e-02 6.551332e-02
8.788698e-02 6.590436e-02
8.769714e-02 6.629328e-02
8.750614e-02 6.668008e-02
8.731399e-02 6.706476e-02
8.712069e-02 6.744731e-02
8.692625e-02 6.782773e-02
8.673068e-02 6.820599e-02
8.653397e-02 6.858211e-02
8.633613e-02 6.895608e-02
8.613718e-02 6.932789e-02
8.593712e-02 6.969753e-02
8.573594e-02 7.006500e-02
8.553367e-02 7.043030e-02
8.533029e-02 7.079341e-02
8.512583e-02 7.115435e-02
8.492028e-02 7.151309e-02
8.471365e-02 7.186964e-02
8.450595e-02 7.222399e-02
8.429718e-02 7.257614e-02
8.408735e-02 7.292609e-02
8.387647e-02 7.327383e-02
8.366453e-02 7.361935e-02
8.345155e-02 7.396266e-02
8.323754e-02 7.430375e-02
8.302249e-02 7.464262e-02
8.280641e-02 7.497926e-02
8.258932e-02 7.531368e-02
8.237121e-02 7.564586e-02
8.215210e-02 7.597582e-02
8.193198e-02 7.630354e-02
8.171087e-02 7.662902e-02
8.148877e-02 7.695226e-02
8.126569e-02 7.727326e-02
8.104163e-02 7.759202e-02
8.081660e-02 7.790853e-02
8.059060e-02 7.822280e-02
8.036365e-02 7.853482e-02
8.013575e-02 7.884460e-02
7.990689e-02 7.915212e-02
7.967710e-02 7.945740e-02
7.944638e-02 7.976043e-02
7.921473e-02 8.006120e-02
7.898216e-02 8.035973e-02
7.874868e-02 8.065600e-02
7.851429e-02 8.095002e-02
7.827899e-02 8.124179e-02
7.804281e-02 8.153131e-02
7.780573e-02 8.181858e-02
7.756777e-02 8.210359e-02
7.732894e-02 8.238636e-02
7.708923e-02 8.266688e-02
7.684867e-02 8.294515e-02
7.660724e-02 8.322117e-02
7.636497e-02 8.349495e-02
7.612186e-02 8.376648e-02
7.587790e-02 8.403577e-02
7.563312e-02 8.430281e-02
7.538751e-02 8.456762e-02
7.514109e-02 8.483018e-02
7.489385e-02 8.509051e-02
7.464581e-02 8.534861e-02
7.439698e-02 8.560447e-02
7.414735e-02 8.585810e-02
7.389694e-02 8.610950e-02
7.364575e-02 8.635868e-02
7.339378e-02 8.660564e-02
7.314106e-02 8.685037e-02
7.288757e-02 8.709289e-02
7.263333e-02 8.733319e-02
7.237835e-02 8.757128e-02
7.212263e-02 8.780717e-02
7.186618e-02 8.804084e-02
7.160901e-02 8.827232e-02
7.135111e-02 8.850160e-02
7.109250e-02 8.872868e-02
7.083319e-02 8.895358e-02
7.057318e-02 8.917628e-02
7.031248e-02 8.939681e-02
7.005109e-02 8.961515e-02
6.978903e-02 8.983132e-02
6.952629e-02 9.004532e-02
6.926289e-02 9.025715e-02
6.899883e-02 9.046682e-02
6.873412e-02 9.067434e-02
6.846876e-02 9.087970e-02
6.820276e-02 9.108291e-02
6.793613e-02 9.128398e-02
6.766888e-02 9.148291e-02
6.740101e-02 9.167971e-02
6.713253e-02 9.187438e-02
6.686344e-02 9.206693e-02
6.659376e-02 9.225736e-02
6.632348e-02 9.244568e-02
6.605262e-02 9.263189e-02
6.578118e-02 9.281600e-02
6.550916e-02 9.299801e-02
6.523659e-02 9.317794e-02
6.496345e-02 9.335577e-02
6.468977e-02 9.353153e-02
6.441554e-02 9.370522e-02
6.414077e-02 9.387684e-02
6.386547e-02 9.404640e-02
6.358964e-02 9.421391e-02
6.331330e-02 9.437937e-02
6.303644e-02 9.454278e-02
6.275908e-02 9.470416e-02
6.248123e-02 9.486351e-02
6.220288e-02 9.502084e-02
6.192404e-02 9.517615e-02
6.164473e-02 9.532945e-02
6.136495e-02 9.548075e-02
6.108470e-02 9.563005e-02
6.080399e-02 9.577737e-02
6.052283e-02 9.592270e-02
6.024123e-02 9.606605e-02
5.995918e-02 9.620744e-02
5.967671e-02 9.634686e-02
5.939381e-02 9.648433e-02
5.911049e-02 9.661986e-02
5.882676e-02 9.675344e-02
5.854262e-02 9.688509e-02
5.825808e-02 9.701481e-02
5.797315e-02 9.714262e-02
5.768784e-02 9.726851e-02
5.740214e-02 9.739250e-02
5.711607e-02 9.751460e-02
5.682964e-02 9.763480e-02
5.654284e-02 9.775313e-02
5.625570e-02 9.786958e-02
5.596820e-02 9.798417e-02
5.568036e-02 9.809689e-02
5.539219e-02 9.820777e-02
5.510369e-02 9.831681e-02
5.481487e-02 9.842401e-02
5.452574e-02 9.852938e-02
5.423629e-02 9.863294e-02
5.394655e-02 9.873468e-02
5.365650e-02 9.883462e-02
5.336617e-02 9.893277e-02
5.307556e-02 9.902913e-02
5.278466e-02 9.912371e-02
5.249350e-02 9.921651e-02
5.220207e-02 9.930756e-02
5.191039e-02 9.939685e-02
5.161845e-02 9.948439e-02
5.132627e-02 9.957020e-02
5.103384e-02 9.965427e-02
5.074119e-02 9.973663e-02
5.044830e-02 9.981727e-02
5.015520e-02 9.989620e-02
4.986188e-02 9.997344e-02
4.956836e-02 1.000490e-01
4.927463e-02 1.001228e-01
4.898070e-02 1.001950e-01
4.868658e-02 1.002656e-01
4.839228e-02 1.003344e-01
4.809781e-02 1.004017e-01
4.780316e-02 1.004673e-01
4.750834e-02 1.005312e-01
4.721337e-02 1.005935e-01
4.691824e-02 1.006543e-01
4.662296e-02 1.007134e-01
4.632754e-02 1.007709e-01
4.603198e-02 1.008268e-01
4.573630e-02 1.008812e-01
4.544049e-02 1.009339e-01
4.514456e-02 1.009852e-01
4.484851e-02 1.010348e-01
4.455237e-02 1.010829e-01
4.425612e-02 1.011295e-01
4.395977e-02 1.011745e-01
4.366334e-02 1.012181e-01
4.336682e-02 1.012601e-01
4.307022e-02 1.013006e-01
4.277355e-02 1.013396e-01
4.247682e-02 1.013771e-01
4.218002e-02 1.014131e-01
4.188317e-02 1.014477e-01
4.158627e-02 1.014808e-01
4.128932e-02 1.015125e-01
4.099234e-02 1.015427e-01
4.069532e-02 1.015715e-01
4.039828e-02 1.015988e-01
4.010121e-02 1.016247e-01
3.980413e-02 1.016492e-01
3.950703e-02 1.016724e-01
3.920993e-02 1.016941e-01
3.891283e-02 1.017144e-01
3.861573e-02 1.017333e-01
3.831865e-02 1.017509e-01
3.802158e-02 1.017671e-01
3.772453e-02 1.017820e-01
3.742751e-02 1.017955e-01
3.713052e-02 1.018077e-01
3.683356e-02 1.018185e-01
3.653665e-02 1.018281e-01
3.623978e-02 1.018363e-01
3.594297e-02 1.018432e-01
3.564622e-02 1.018488e-01
3.534952e-02 1.018532e-01
3.505290e-02 1.018562e-01
3.475634e-02 1.018580e-01
3.445987e-02 1.018585e-01
3.416347e-02 1.018577e-01
3.386717e-02 1.018558e-01
3.357095e-02 1.018525e-01
3.327484e-02 1.018481e-01
3.297882e-02 1.018424e-01
3.268291e-02 1.018355e-01
3.238712e-02 1.018274e-01
3.209144e-02 1.018181e-01
3.179588e-02 1.018076e-01
3.150045e-02 1.017959e-01
3.120515e-02 1.017830e-01
3.090999e-02 1.017690e-01
3.061496e-02 1.017538e-01
3.032008e-02 1.017374e-01
3.002535e-02 1.017200e-01
2.973078e-02 1.017013e-01
2.943636e-02 1.016816e-01
2.914210e-02 1.016607e-01
2.884802e-02 1.016387e-01
2.855410e-02 1.016156e-01
2.826036e-02 1.015914e-01
2.796680e-02 1.015661e-01
2.767343e-02 1.015397e-01
2.738025e-02 1.015123e-01
2.708726e-02 1.014837e-01
2.679447e-02 1.014541e-01
2.650188e-02 1.014235e-01
2.620950e-02 1.013918e-01
2.591732e-02 1.013591e-01
2.562537e-02 1.013253e-01
2.533363e-02 1.012905e-01
2.504211e-02 1.012547e-01
2.475083e-02 1.012178e-01
2.445977e-02 1.011800e-01
2.416895e-02 1.011412e-01
2.387837e-02 1.011014e-01
2.358803e-02 1.010606e-01
2.329794e-02 1.010188e-01
2.300809e-02 1.009760e-01
2.271851e-02 1.009323e-01
2.242918e-02 1.008876e-01
2.214012e-02 1.008420e-01
2.185132e-02 1.007954e-01
2.156279e-02 1.007479e-01
2.127453e-02 1.006995e-01
2.098656e-02 1.006501e-01
2.069886e-02 1.005999e-01
2.041145e-02 1.005487e-01
2.012432e-02 1.004966e-01
1.983749e-02 1.004436e-01
1.955095e-02 1.003898e-01
1.926472e-02 1.003350e-01
1.897878e-02 1.002794e-01
1.869315e-02 1.002229e-01
1.840783e-02 1.001655e-01
1.812282e-02 1.001073e-01
1.783812e-02 1.000482e-01
1.755375e-02 9.998831e-02
1.726970e-02 9.992755e-02
1.698597e-02 9.986595e-02
1.670257e-02 9.980353e-02
1.641951e-02 9.974029e-02
1.613678e-02 9.967623e-02
1.585438e-02 9.961137e-02
1.557233e-02 9.954570e-02
1.529063e-02 9.947923e-02
1.500927e-02 9.941197e-02
1.472826e-02 9.934393e-02
1.444760e-02 9.927510e-02
1.416730e-02 9.920550e-02
1.388736e-02 9.913514e-02
1.360778e-02 9.906401e-02
1.332857e-02 9.899212e-02
1.304972e-02 9.891948e-02
1.277125e-02 9.884610e-02
1.249315e-02 9.877197e-02
1.221542e-02 9.869711e-02
1.193807e-02 9.862152e-02
1.166110e-02 9.854521e-02
1.138452e-02 9.846817e-02
1.110833e-02 9.839043e-02
1.083252e-02 9.831197e-02
1.055710e-02 9.823281e-02
1.028208e-02 9.815296e-02
1.000746e-02 9.807241e-02
9.733229e-03 9.799117e-02
9.459404e-03 9.790925e-02
9.185983e-03 9.782666e-02
8.912969e-03 9.774339e-02
8.640362e-03 9.765945e-02
8.368166e-03 9.757485e-02
8.096383e-03 9.748959e-02
7.825016e-03 9.740368e-02
7.554066e-03 9.731712e-02
7.283535e-03 9.722992e-02
7.013426e-03 9.714208e-02
6.743741e-03 9.705361e-02
6.474481e-03 9.696450e-02
6.205650e-03 9.687478e-02
5.937249e-03 9.678443e-02
5.669279e-03 9.669346e-02
5.401744e-03 9.660189e-02
5.134644e-03 9.650971e-02
4.867982e-03 9.641693e-02
4.601760e-03 9.632354e-02
4.335979e-03 9.622957e-02
4.070642e-03 9.613501e-02
3.805749e-03 9.603986e-02
3.541303e-03 9.594413e-02
3.277306e-03 9.584783e-02
3.013759e-03 9.575095e-02
2.750664e-03 9.565350e-02
2.488023e-03 9.555549e-02
2.225836e-03 9.545693e-02
1.964107e-03 9.535780e-02
1.702836e-03 9.525812e-02
1.442024e-03 9.515790e-02
1.181674e-03 9.505713e-02
9.217869e-04 9.495582e-02
6.623639e-04 9.485398e-02
4.034066e-04 9.475160e-02
1.449163e-04 9.464870e-02
-1.131056e-04 9.454527e-02
-3.706577e-04 9.444132e-02
-6.277387e-04 9.433685e-02
-8.843474e-04 9.423186e-02
-1.140482e-03 9.412637e-02
-1.396143e-03 9.402037e-02
-1.651327e-03 9.391387e-02
-1.906034e-03 9.380687e-02
-2.160263e-03 9.369937e-02
-2.414012e-03 9.359138e-02
-2.667281e-03 9.348290e-02
-2.920068e-03 9.337393e-02
-3.172372e-03 9.326448e-02
-3.424193e-03 9.315456e-02
-3.675529e-03 9.304415e-02
-3.926379e-03 9.293328e-02
-4.176743e-03 9.282193e-02
-4.426619e-03 9.271012e-02
-4.676007e-03 9.259785e-02
-4.924906e-03 9.248511e-02
-5.173314e-03 9.237192e-02
-5.421232e-03 9.225827e-02
-5.668658e-03 9.214418e-02
-5.915591e-03 9.202963e-02
-6.162032e-03 9.191465e-02
-6.407978e-03 9.179922e-02
-6.653430e-03 9.168335e-02
-6.898387e-03 9.156704e-02
-7.142847e-03 9.145030e-02
-7.386811e-03 9.133313e-02
-7.630278e-03 9.121554e-02
-7.873247e-03 9.109752e-02
-8.115718e-03 9.097907e-02
-8.357691e-03 9.086021e-02
-8.599164e-03 9.074093e-02
-8.840137e-03 9.062124e-02
-9.080609e-03 9.050114e-02
-9.320582e-03 9.038062e-02
-9.560053e-03 9.025971e-02
-9.799022e-03 9.013838e-02
-1.003749e-02 9.001666e-02
-1.027546e-02 8.989454e-02
-1.051292e-02 8.977202e-02
-1.074988e-02 8.964911e-02
-1.098634e-02 8.952581e-02
-1.122229e-02 8.940212e-02
-1.145774e-02 8.927804e-02
-1.169269e-02 8.915358e-02
-1.192713e-02 8.902874e-02
-1.216106e-02 8.890351e-02
-1.239450e-02 8.877791e-02
-1.262743e-02 8.865194e-02
-1.285985e-02 8.852559e-02
-1.309177e-02 8.839888e-02
-1.332318e-02 8.827179e-02
-1.355409e-02 8.814434e-02
-1.378450e-02 8.801652e-02
-1.401440e-02 8.788835e-02
-1.424379e-02 8.775981e-02
-1.447268e-02 8.763092e-02
-1.470107e-02 8.750167e-02
-1.492894e-02 8.737206e-02
-1.515632e-02 8.724211e-02
-1.538319e-02 8.711180e-02
-1.560955e-02 8.698115e-02
-1.583541e-02 8.685015e-02
-1.606077e-02 8.671881e-02
-1.628562e-02 8.658713e-02
-1.650997e-02 8.645511e-02
-1.673381e-02 8.632275e-02
-1.695715e-02 8.619005e-02
-1.717999e-02 8.605702e-02
-1.740232e-02 8.592365e-02
-1.762415e-02 8.578996e-02
-1.784548e-02 8.565593e-02
-1.806630e-02 8.552158e-02
-1.828663e-02 8.538691e-02
-1.850645e-02 8.525191e-02
-1.872577e-02 8.511659e-02
-1.894458e-02 8.498094e-02
-1.916290e-02 8.484498e-02
-1.938072e-02 8.470870e-02
-1.959803e-02 8.457211e-02
-1.981485e-02 8.443520e-02
-2.003117e-02 8.429798e-02
-2.024699e-02 8.416045e-02
-2.046231e-02 8.402261e-02
-2.067713e-02 8.388447e-02
-2.089145e-02 8.374601e-02
-2.110528e-02 8.360726e-02
-2.131861e-02 8.346820e-02
-2.153145e-02 8.332884e-02
-2.174379e-02 8.318917e-02
-2.195563e-02 8.304921e-02
-2.216698e-02 8.290896e-02
-2.237784e-02 8.276840e-02
-2.258820e-02 8.262756e-02
-2.279807e-02 8.248642e-02
-2.300745e-02 8.234499e-02
-2.321633e-02 8.220327e-02
-2.342473e-02 8.206126e-02
-2.363263e-02 8.191896e-02
-2.384005e-02 8.177638e-02
-2.404697e-02 8.163351e-02
-2.425341e-02 8.149036e-02
-2.445936e-02 8.134693e-02
-2.466483e-02 8.120321e-02
-2.486980e-02 8.105922e-02
-2.507429e-02 8.091495e-02
-2.527830e-02 8.077040e-02
-2.548182e-02 8.062558e-02
-2.568486e-02 8.048048e-02
-2.588741e-02 8.033511e-02
-2.608948e-02 8.018946e-02
-2.629107e-02 8.004355e-02
-2.649218e-02 7.989737e-02
-2.669281e-02 7.975092e-02
-2.689297e-02 7.960420e-02
-2.709264e-02 7.945721e-02
-2.729183e-02 7.930996e-02
-2.749055e-02 7.916245e-02
-2.768879e-02 7.901467e-02
-2.788656e-02 7.886663e-02
-2.808385e-02 7.871834e-02
-2.828067e-02 7.856978e-02
-2.847702e-02 7.842096e-02
-2.867289e-02 7.827189e-02
-2.886829e-02 7.812257e-02
-2.906323e-02 7.797298e-02
-2.925769e-02 7.782315e-02
-2.945168e-02 7.767306e-02
-2.964521e-02 7.752272e-02
-2.983827e-02 7.737212e-02
-3.003086e-02 7.722128e-02
-3.022299e-02 7.707019e-02
-3.041465e-02 7.691886e-02
-3.060585e-02 7.676727e-02
-3.079659e-02 7.661545e-02
-3.098686e-02 7.646337e-02
-3.117668e-02 7.631106e-02
-3.136603e-02 7.615850e-02
-3.155493e-02 7.600570e-02
-3.174336e-02 7.585266e-02
-3.193134e-02 7.569938e-02
-3.211886e-02 7.554586e-02
-3.230593e-02 7.539211e-02
-3.249254e-02 7.523811e-02
-3.267870e-02 7.508389e-02
-3.286441e-02 7.492942e-02
-3.304966e-02 7.477473e-02
-3.323446e-02 7.461980e-02
-3.341882e-02 7.446464e-02
-3.360272e-02 7.430925e-02
-3.378617e-02 7.415363e-02
-3.396918e-02 7.399778e-02
-3.415174e-02 7.384170e-02
-3.433385e-02 7.368540e-02
-3.451552e-02 7.352887e-02
-3.469675e-02 7.337212e-02
-3.487753e-02 7.321514e-02
-3.505787e-02 7.305793e-02
-3.523777e-02 7.290051e-02
-3.541723e-02 7.274286e-02
-3.559625e-02 7.258500e-02
-3.577484e-02 7.242691e-02
-3.595298e-02 7.226860e-02
-3.613069e-02 7.211008e-02
-3.630796e-02 7.195134e-02
-3.648480e-02 7.179238e-02
-3.666120e-02 7.163321e-02
-3.683717e-02 7.147383e-02
-3.701271e-02 7.131423e-02
-3.718782e-02 7.115441e-02
-3.736249e-02 7.099439e-02
-3.753674e-02 7.083416e-02
-3.771056e-02 7.067371e-02
-3.788395e-02 7.051306e-02
-3.805691e-02 7.035220e-02
-3.822945e-02 7.019113e-02
-3.840156e-02 7.002986e-02
-3.857325e-02 6.986838e-02
-3.874452e-02 6.970669e-02
-3.891536e-02 6.954480e-02
-3.908578e-02 6.938271e-02
-3.925578e-02 6.922042e-02
-3.942536e-02 6.905792e-02
-3.959452e-02 6.889523e-02
-3.976327e-02 6.873234e-02
-3.993159e-02 6.856924e-02
-4.009950e-02 6.840595e-02
-4.026699e-02 6.824247e-02
-4.043407e-02 6.807878e-02
-4.060074e-02 6.791490e-02
-4.076699e-02 6.775083e-02
-4.093283e-02 6.758657e-02
-4.109825e-02 6.742211e-02
-4.126327e-02 6.725746e-02
-4.142787e-02 6.709262e-02
-4.159207e-02 6.692759e-02
-4.175586e-02 6.676237e-02
-4.191924e-02 6.659696e-02
-4.208221e-02 6.643137e-02
-4.224478e-02 6.626559e-02
-4.240694e-02 6.609962e-02
-4.256870e-02 6.593347e-02
-4.273005e-02 6.576714e-02
-4.289100e-02 6.560062e-02
-4.305155e-02 6.543392e-02
-4.321169e-02 6.526704e-02
-4.337144e-02 6.509998e-02
-4.353078e-02 6.493274e-02
-4.368973e-02 6.476532e-02
-4.384827e-02 6.459772e-02
-4.400642e-02 6.442995e-02
-4.416417e-02 6.426200e-02
-4.432152e-02 6.409388e-02
-4.447848e-02 6.392558e-02
-4.463504e-02 6.375711e-02
-4.479120e-02 6.358846e-02
-4.494697e-02 6.341965e-02
-4.510235e-02 6.325066e-02
-4.525734e-02 6.308150e-02
-4.541193e-02 6.291218e-02
-4.556613e-02 6.274268e-02
-4.571994e-02 6.257302e-02
-4.587335e-02 6.240320e-02
-4.602638e-02 6.223321e-02
-4.617902e-02 6.206305e-02
-4.633127e-02 6.189273e-02
-4.648313e-02 6.172225e-02
-4.663460e-02 6.155160e-02
-4.678569e-02 6.138080e-02
-4.693639e-02 6.120983e-02
-4.708670e-02 6.103871e-02
-4.723663e-02 6.086743e-02
-4.738617e-02 6.069599e-02
-4.753533e-02 6.052439e-02
-4.768410e-02 6.035264e-02
-4.783249e-02 6.018073e-02
-4.798049e-02 6.000867e-02
-4.812811e-02 5.983646e-02
-4.827535e-02 5.966410e-02
-4.842221e-02 5.949158e-02
-4.856869e-02 5.931891e-02
-4.871478e-02 5.914610e-02
-4.886050e-02 5.897314e-02
-4.900583e-02 5.880003e-02
-4.915078e-02 5.862677e-02
-4.929536e-02 5.845337e-02
-4.943955e-02 5.827982e-02
-4.958337e-02 5.810613e-02
-4.972680e-02 5.793229e-02
-4.986986e-02 5.775832e-02
-5.001254e-02 5.758420e-02
-5.015484e-02 5.740994e-02
-5.029677e-02 5.723555e-02
-5.043832e-02 5.706101e-02
-5.057949e-02 5.688634e-02
-5.072028e-02 5.671153e-02
-5.086070e-02 5.653659e-02
-5.100074e-02 5.636151e-02
-5.114041e-02 5.618630e-02
-5.127970e-02 5.601095e-02
-5.141862e-02 5.583548e-02
-5.155716e-02 5.565987e-02
-5.169532e-02 5.548413e-02
-5.183311e-02 5.530827e-02
-5.197053e-02 5.513227e-02
-5.210757e-02 5.495615e-02
-5.224424e-02 5.477990e-02
-5.238053e-02 5.460353e-02
-5.251645e-02 5.442703e-02
-5.265200e-02 5.425041e-02
-5.278717e-02 5.407367e-02
-5.292197e-02 5.389680e-02
-5.305639e-02 5.371982e-02
-5.319044e-02 5.354271e-02
-5.332412e-02 5.336549e-02
-5.345742e-02 5.318814e-02
-5.359035e-02 5.301069e-02
-5.372291e-02 5.283311e-02
-5.385509e-02 5.265542e-02
-5.398690e-02 5.247762e-02
-5.411834e-02 5.229970e-02
-5.424940e-02 5.212167e-02
-5.438009e-02 5.194353e-02
-5.451041e-02 5.176527e-02
-5.464035e-02 5.158691e-02
-5.476992e-02 5.140844e-02
-5.489912e-02 5.122987e-02
-5.502794e-02 5.105118e-02
-5.515639e-02 5.087239e-02
-5.528447e-02 5.069350e-02
-5.541217e-02 5.051450e-02
-5.553949e-02 5.033540e-02
-5.566645e-02 5.015619e-02
-5.579302e-02 4.997689e-02
-5.591923e-02 4.979748e-02
-5.604506e-02 4.961798e-02
-5.617051e-02 4.943837e-02
-5.629559e-02 4.925867e-02
-5.642030e-02 4.907888e-02
-5.654462e-02 4.889898e-02
-5.666858e-02 4.871900e-02
-5.679215e-02 4.853891e-02
-5.691536e-02 4.835874e-02
-5.703818e-02 4.817847e-02
-5.716063e-02 4.799812e-02
-5.728270e-02 4.781767e-02
-5.740439e-02 4.763713e-02
-5.752571e-02 4.745651e-02
-5.764665e-02 4.727580e-02
-5.776721e-02 4.709500e-02
-5.788739e-02 4.691411e-02
-5.800719e-02 4.673314e-02
-5.812662e-02 4.655209e-02
-5.824566e-02 4.637096e-02
-5.836433e-02 4.618974e-02
-5.848261e-02 4.600844e-02
-5.860052e-02 4.582706e-02
-5.871804e-02 4.564560e-02
-5.883518e-02 4.546407e-02
-5.895194e-02 4.528245e-02
-5.906832e-02 4.510076e-02
-5.918432e-02 4.491899e-02
-5.929993e-02 4.473715e-02
-5.941516e-02 4.455524e-02
-5.953000e-02 4.437325e-02
-5.964446e-02 4.419119e-02
-5.975854e-02 4.400906e-02
-5.987223e-02 4.382685e-02
-5.998553e-02 4.364458e-02
-6.009845e-02 4.346224e-02
-6.021098e-02 4.327983e-02
-6.032313e-02 4.309736e-02
-6.043488e-02 4.291481e-02
-6.054625e-02 4.273221e-02
-6.065723e-02 4.254953e-02
-6.076781e-02 4.236680e-02
-6.087801e-02 4.218400e-02
-6.098782e-02 4.200114e-02
-6.109724e-02 4.181822e-02
-6.120626e-02 4.163524e-02
-6.131489e-02 4.145220e-02
-6.142313e-02 4.126910e-02
-6.153097e-02 4.108594e-02
-6.163842e-02 4.090272e-02
-6.174548e-02 4.071945e-02
-6.185214e-02 4.053613e-02
-6.195840e-02 4.035275e-02
-6.206426e-02 4.016931e-02
-6.216973e-02 3.998583e-02
-6.227480e-02 3.980229e-02
-6.237947e-02 3.961870e-02
-6.248374e-02 3.943506e-02
-6.258761e-02 3.925136e-02
-6.269108e-02 3.906762e-02
-6.279415e-02 3.888384e-02
-6.289681e-02 3.870000e-02
-6.299907e-02 3.851612e-02
-6.310093e-02 3.833219e-02
-6.320238e-02 3.814822e-02
-6.330343e-02 3.796420e-02
-6.340407e-02 3.778014e-02
-6.350430e-02 3.759604e-02
-6.360413e-02 3.741189e-02
-6.370355e-02 3.722770e-02
-6.380256e-02 3.704347e-02
-6.390115e-02 3.685921e-02
-6.399934e-02 3.667490e-02
-6.409711e-02 3.649055e-02
-6.419448e-02 3.630617e-02
-6.429142e-02 3.612175e-02
-6.438796e-02 3.593729e-02
-6.448408e-02 3.575280e-02
-6.457978e-02 3.556827e-02
-6.467507e-02 3.538371e-02
-6.476994e-02 3.519912e-02
-6.486439e-02 3.501449e-02
-6.495842e-02 3.482983e-02
-6.505203e-02 3.464514e-02
-6.514522e-02 3.446042e-02
-6.523799e-02 3.427567e-02
-6.533034e-02 3.409088e-02
-6.542226e-02 3.390607e-02
-6.551376e-02 3.372123e-02
-6.560484e-02 3.353637e-02
-6.569548e-02 3.335148e-02
-6.578570e-02 3.316656e-02
-6.587549e-02 3.298161e-02
-6.596486e-02 3.279664e-02
-6.605379e-02 3.261165e-02
-6.614229e-02 3.242663e-02
-6.623037e-02 3.224158e-02
-6.631800e-02 3.205652e-02
-6.640521e-02 3.187143e-02
-6.649198e-02 3.168633e-02
-6.657832e-02 3.150120e-02
-6.666422e-02 3.131605e-02
-6.674968e-02 3.113088e-02
-6.683470e-02 3.094569e-02
-6.691929e-02 3.076049e-02
-6.700343e-02 3.057526e-02
-6.708714e-02 3.039002e-02
-6.717040e-02 3.020476e-02
-6.725322e-02 3.001948e-02
-6.733560e-02 2.983419e-02
-6.741753e-02 2.964889e-02
-6.749902e-02 2.946356e-02
-6.758006e-02 2.927823e-02
-6.766065e-02 2.909288e-02
-6.774079e-02 2.890752e-02
-6.782049e-02 2.872214e-02
-6.789973e-02 2.853675e-02
-6.797852e-02 2.835135e-02
-6.805687e-02 2.816594e-02
-6.813475e-02 2.798052e-02
-6.821219e-02 2.779509e-02
-6.828916e-02 2.760964e-02
-6.836569e-02 2.742419e-02
-6.844175e-02 2.723873e-02
-6.851736e-02 2.705326e-02
-6.859251e-02 2.686778e-02
-6.866719e-02 2.668229e-02
-6.874142e-02 2.649680e-02
-6.881519e-02 2.631130e-02
-6.888849e-02 2.612579e-02
-6.896133e-02 2.594028e-02
-6.903370e-02 2.575476e-02
-6.910561e-02 2.556924e-02
-6.917705e-02 2.538371e-02
-6.924802e-02 2.519817e-02
-6.931853e-02 2.501263e-02
-6.938856e-02 2.482709e-02
-6.945813e-02 2.464155e-02
-6.952722e-02 2.445600e-02
-6.959584e-02 2.427044e-02
-6.966399e-02 2.408489e-02
-6.973166e-02 2.389933e-02
-6.979886e-02 2.371378e-02
-6.986558e-02 2.352822e-02
-6.993183e-02 2.334266e-02
-6.999759e-02 2.315709e-02
-7.006288e-02 2.297153e-02
-7.012769e-02 2.278597e-02
-7.019201e-02 2.260041e-02
-7.025586e-02 2.241484e-02
-7.031922e-02 2.222928e-02
-7.038209e-02 2.204372e-02
-7.044449e-02 2.185816e-02
-7.050639e-02 2.167260e-02
-7.056781e-02 2.148705e-02
-7.062875e-02 2.130149e-02
-7.068919e-02 2.111594e-02
-7.074915e-02 2.093039e-02
-7.080861e-02 2.074484e-02
-7.086758e-02 2.055930e-02
-7.092607e-02 2.037376e-02
-7.098406e-02 2.018822e-02
-7.104155e-02 2.000268e-02
-7.109855e-02 1.981715e-02
-7.115506e-02 1.963162e-02
-7.121106e-02 1.944610e-02
-7.126657e-02 1.926058e-02
-7.132159e-02 1.907507e-02
-7.137610e-02 1.888956e-02
-7.143011e-02 1.870405e-02
-7.148363e-02 1.851855e-02
-7.153664e-02 1.833306e-02
-7.158915e-02 1.814757e-02
-7.164115e-02 1.796208e-02
-7.169265e-02 1.777660e-02
-7.174365e-02 1.759113e-02
-7.179414e-02 1.740566e-02
-7.184412e-02 1.722020e-02
-7.189359e-02 1.703475e-02
-7.194256e-02 1.684930e-02
-7.199102e-02 1.666386e-02
-7.203897e-02 1.647842e-02
-7.208640e-02 1.629299e-02
-7.213333e-02 1.610756e-02
-7.217974e-02 1.592215e-02
-7.222564e-02 1.573674e-02
-7.227103e-02 1.555133e-02
-7.231590e-02 1.536594e-02
-7.236026e-02 1.518055e-02
-7.240410e-02 1.499517e-02
-7.244742e-02 1.480979e-02
-7.249023e-02 1.462442e-02
-7.253251e-02 1.443906e-02
-7.257428e-02 1.425371e-02
-7.261553e-02 1.406836e-02
-7.265626e-02 1.388302e-02
-7.269647e-02 1.369769e-02
-7.273615e-02 1.351236e-02
-7.277531e-02 1.332704e-02
-7.281395e-02 1.314173e-02
-7.285207e-02 1.295643e-02
-7.288966e-02 1.277113e-02
-7.292672e-02 1.258585e-02
-7.296326e-02 1.240057e-02
-7.299927e-02 1.221529e-02
-7.303476e-02 1.203003e-02
-7.306971e-02 1.184477e-02
-7.310414e-02 1.165952e-02
-7.313804e-02 1.147427e-02
-7.317141e-02 1.128903e-02
-7.320425e-02 1.110380e-02
-7.323656e-02 1.091858e-02
-7.326834e-02 1.073337e-02
-7.329958e-02 1.054816e-02
-7.333030e-02 1.036296e-02
-7.336047e-02 1.017776e-02
-7.339012e-02 9.992573e-03
-7.341923e-02 9.807392e-03
-7.344781e-02 9.622218e-03
-7.347585e-02 9.437051e-03
-7.350336e-02 9.251891e-03
-7.353032e-02 9.066737e-03
-7.355676e-02 8.881589e-03
-7.358265e-02 8.696448e-03
-7.360801e-02 8.511314e-03
-7.363283e-02 8.326185e-03
-7.365711e-02 8.141063e-03
-7.368085e-02 7.955947e-03
-7.370405e-02 7.770837e-03
-7.372672e-02 7.585733e-03
-7.374884e-02 7.400634e-03
-7.377042e-02 7.215542e-03
-7.379146e-02 7.030454e-03
-7.381196e-02 6.845373e-03
-7.383191e-02 6.660296e-03
-7.385132e-02 6.475225e-03
-7.387020e-02 6.290159e-03
-7.388852e-02 6.105098e-03
-7.390631e-02 5.920042e-03
-7.392355e-02 5.734991e-03
-7.394025e-02 5.549944e-03
-7.395640e-02 5.364902e-03
-7.397201e-02 5.179864e-03
-7.398707e-02 4.994830e-03
-7.400158e-02 4.809801e-03
-7.401556e-02 4.624775e-03
-7.402898e-02 4.439754e-03
-7.404186e-02 4.254736e-03
-7.405420e-02 4.069721e-03
-7.406598e-02 3.884710e-03
-7.407722e-02 3.699703e-03
-7.408792e-02 3.514698e-03
-7.409806e-02 3.329696e-03
-7.410766e-02 3.144697e-03
-7.411671e-02 2.959701e-03
-7.412522e-02 2.774708e-03
-7.413317e-02 2.589716e-03
-7.414058e-02 2.404727e-03
-7.414744e-02 2.219740e-03
-7.415375e-02 2.034755e-03
-7.415951e-02 1.849772e-03
-7.416473e-02 1.664790e-03
-7.416939e-02 1.479810e-03
-7.417351e-02 1.294831e-03
-7.417708e-02 1.109853e-03
-7.418010e-02 9.248759e-04
-7.418257e-02 7.398998e-04
-7.418449e-02 5.549243e-04
-7.418586e-02 3.699492e-04
-7.418669e-02 1.849745e-04