-7.416936e-02 4.729283e-04
-7.418696e-02 -2.359730e-18
-7.416936e-02 -4.729283e-04
-7.411658e-02 -9.458828e-04
-7.402867e-02 -1.418889e-03
-7.390576e-02 -1.891970e-03
-7.374798e-02 -2.365149e-03
-7.355553e-02 -2.838444e-03
-7.332863e-02 -3.311871e-03
-7.306754e-02 -3.785440e-03
-7.277258e-02 -4.259158e-03
-7.244406e-02 -4.733026e-03
-7.208235e-02 -5.207039e-03
-7.168784e-02 -5.681185e-03
-7.126096e-02 -6.155446e-03
-7.080213e-02 -6.629798e-03
-7.031182e-02 -7.104206e-03
-6.979049e-02 -7.578631e-03
-6.923862e-02 -8.053024e-03
-6.865672e-02 -8.527329e-03
-6.804527e-02 -9.001480e-03
-6.740476e-02 -9.475406e-03
-6.673569e-02 -9.949025e-03
-6.603854e-02 -1.042225e-02
-6.531378e-02 -1.089498e-02
-6.456187e-02 -1.136712e-02
-6.378325e-02 -1.183856e-02
-6.297834e-02 -1.230918e-02
-6.214752e-02 -1.277885e-02
-6.129116e-02 -1.324745e-02
-6.040960e-02 -1.371485e-02
-5.950312e-02 -1.418091e-02
-5.857200e-02 -1.464548e-02
-5.761645e-02 -1.510843e-02
-5.663666e-02 -1.556960e-02
-5.563276e-02 -1.602884e-02
-5.460486e-02 -1.648601e-02
-5.355300e-02 -1.694095e-02
-5.247720e-02 -1.739351e-02
-5.137741e-02 -1.784353e-02
-5.025357e-02 -1.829087e-02
-4.910552e-02 -1.873538e-02
-4.793313e-02 -1.917690e-02
-4.673616e-02 -1.961528e-02
-4.551437e-02 -2.005038e-02
-4.426748e-02 -2.048206e-02
-4.299515e-02 -2.091016e-02
-4.169705e-02 -2.133455e-02
-4.037277e-02 -2.175508e-02
-3.902192e-02 -2.217161e-02
-3.764407e-02 -2.258400e-02
-3.623877e-02 -2.299210e-02
-3.480556e-02 -2.339577e-02
-3.334398e-02 -2.379486e-02
-3.185356e-02 -2.418922e-02
-3.033385e-02 -2.457870e-02
-2.878439e-02 -2.496311e-02
-2.720474e-02 -2.534230e-02
-2.559450e-02 -2.571608e-02
-2.395327e-02 -2.608425e-02
-2.228071e-02 -2.644661e-02
-2.057649e-02 -2.680294e-02
-1.884037e-02 -2.715298e-02
-1.707212e-02 -2.749648e-02
-1.527159e-02 -2.783315e-02
-1.343870e-02 -2.816268e-02
-1.157344e-02 -2.848474e-02
-9.675866e-03 -2.879896e-02
-7.746130e-03 -2.910494e-02
-5.784469e-03 -2.940225e-02
-3.791215e-03 -2.969041e-02
-1.766800e-03 -2.996893e-02
2.882398e-04 -3.023725e-02
2.373260e-03 -3.049478e-02
4.487503e-03 -3.074087e-02
6.630095e-03 -3.097485e-02
8.800043e-03 -3.119599e-02
1.099623e-02 -3.140350e-02
1.321742e-02 -3.159654e-02
1.546225e-02 -3.177424e-02
1.772922e-02 -3.193565e-02
2.001673e-02 -3.207979e-02
2.232301e-02 -3.220563e-02
2.464620e-02 -3.231207e-02
2.698430e-02 -3.239798e-02
2.933519e-02 -3.246218e-02
3.169662e-02 -3.250344e-02
3.406624e-02 -3.252051e-02
3.644155e-02 -3.251209e-02
3.881999e-02 -3.247684e-02
4.119884e-02 -3.241343e-02
4.357532e-02 -3.232047e-02
4.594652e-02 -3.219659e-02
4.830948e-02 -3.204041e-02
5.066112e-02 -3.185055e-02
5.299831e-02 -3.162564e-02
5.531784e-02 -3.136436e-02
5.761645e-02 -3.106540e-02
5.989081e-02 -3.072751e-02
6.213757e-02 -3.034950e-02
6.435333e-02 -2.993025e-02
6.653468e-02 -2.946872e-02
6.867819e-02 -2.896398e-02
7.078043e-02 -2.841519e-02
7.283797e-02 -2.782166e-02
7.484741e-02 -2.718281e-02
7.680535e-02 -2.649824e-02
7.870846e-02 -2.576766e-02
8.055343e-02 -2.499101e-02
8.233704e-02 -2.416837e-02
8.405612e-02 -2.330003e-02
8.570756e-02 -2.238648e-02
8.728839e-02 -2.142839e-02
8.879568e-02 -2.042668e-02
9.022666e-02 -1.938246e-02
9.157865e-02 -1.829706e-02
9.284909e-02 -1.717203e-02
9.403559e-02 -1.600913e-02
9.513587e-02 -1.481034e-02
9.614781e-02 -1.357782e-02
9.706946e-02 -1.231395e-02
9.789903e-02 -1.102128e-02
9.863489e-02 -9.702553e-03
9.927560e-02 -8.360645e-03
9.981991e-02 -6.998591e-03
1.002667e-01 -5.619549e-03
1.006152e-01 -4.226786e-03
1.008646e-01 -2.823653e-03
1.010144e-01 -1.413570e-03
1.010644e-01 0.000000e+00
1.010144e-01 1.413570e-03
1.008646e-01 2.823653e-03
1.006152e-01 4.226786e-03
1.002667e-01 5.619549e-03
9.981991e-02 6.998591e-03
9.927560e-02 8.360645e-03
9.863489e-02 9.702553e-03
9.789903e-02 1.102128e-02
9.706946e-02 1.231395e-02
9.614781e-02 1.357782e-02
9.513587e-02 1.481034e-02
9.403559e-02 1.600913e-02
9.284909e-02 1.717203e-02
9.157865e-02 1.829706e-02
9.022666e-02 1.938246e-02
8.879568e-02 2.042668e-02
8.728839e-02 2.142839e-02
8.570756e-02 2.238648e-02
8.405612e-02 2.330003e-02
8.233704e-02 2.416837e-02
8.055343e-02 2.499101e-02
7.870846e-02 2.576766e-02
7.680535e-02 2.649824e-02
7.484741e-02 2.718281e-02
7.283797e-02 2.782166e-02
7.078043e-02 2.841519e-02
6.867819e-02 2.896398e-02
6.653468e-02 2.946872e-02
6.435333e-02 2.993025e-02
6.213757e-02 3.034950e-02
5.989081e-02 3.072751e-02
5.761645e-02 3.106540e-02
5.531784e-02 3.136436e-02
5.299831e-02 3.162564e-02
5.066112e-02 3.185055e-02
4.830948e-02 3.204041e-02
4.594652e-02 3.219659e-02
4.357532e-02 3.232047e-02
4.119884e-02 3.241343e-02
3.881999e-02 3.247684e-02
3.644155e-02 3.251209e-02
3.406624e-02 3.252051e-02
3.169662e-02 3.250344e-02
2.933519e-02 3.246218e-02
2.698430e-02 3.239798e-02
2.464620e-02 3.231207e-02
2.232301e-02 3.220563e-02
2.001673e-02 3.207979e-02
1.772922e-02 3.193565e-02
1.546225e-02 3.177424e-02
1.321742e-02 3.159654e-02
1.099623e-02 3.140350e-02
8.800043e-03 3.119599e-02
6.630095e-03 3.097485e-02
4.487503e-03 3.074087e-02
2.373260e-03 3.049478e-02
2.882398e-04 3.023725e-02
-1.766800e-03 2.996893e-02
-3.791215e-03 2.969041e-02
-5.784469e-03 2.940225e-02
-7.746130e-03 2.910494e-02
-9.675866e-03 2.879896e-02
-1.157344e-02 2.848474e-02
-1.343870e-02 2.816268e-02
-1.527159e-02 2.783315e-02
-1.707212e-02 2.749648e-02
-1.884037e-02 2.715298e-02
-2.057649e-02 2.680294e-02
-2.228071e-02 2.644661e-02
-2.395327e-02 2.608425e-02
-2.559450e-02 2.571608e-02
-2.720474e-02 2.534230e-02
-2.878439e-02 2.496311e-02
-3.033385e-02 2.457870e-02
-3.185356e-02 2.418922e-02
-3.334398e-02 2.379486e-02
-3.480556e-02 2.339577e-02
-3.623877e-02 2.299210e-02
-3.764407e-02 2.258400e-02
-3.902192e-02 2.217161e-02
-4.037277e-02 2.175508e-02
-4.169705e-02 2.133455e-02
-4.299515e-02 2.091016e-02
-4.426748e-02 2.048206e-02
-4.551437e-02 2.005038e-02
-4.673616e-02 1.961528e-02
-4.793313e-02 1.917690e-02
-4.910552e-02 1.873538e-02
-5.025357e-02 1.829087e-02
-5.137741e-02 1.784353e-02
-5.247720e-02 1.739351e-02
-5.355300e-02 1.694095e-02
-5.460486e-02 1.648601e-02
-5.563276e-02 1.602884e-02
-5.663666e-02 1.556960e-02
-5.761645e-02 1.510843e-02
-5.857200e-02 1.464548e-02
-5.950312e-02 1.418091e-02
-6.040960e-02 1.371485e-02
-6.129116e-02 1.324745e-02
-6.214752e-02 1.277885e-02
-6.297834e-02 1.230918e-02
-6.378325e-02 1.183856e-02
-6.456187e-02 1.136712e-02
-6.531378e-02 1.089498e-02
-6.603854e-02 1.042225e-02
-6.673569e-02 9.949025e-03
-6.740476e-02 9.475406e-03
-6.804527e-02 9.001480e-03
-6.865672e-02 8.527329e-03
-6.923862e-02 8.053024e-03
-6.979049e-02 7.578631e-03
-7.031182e-02 7.104206e-03
-7.080213e-02 6.629798e-03
-7.126096e-02 6.155446e-03
-7.168784e-02 5.681185e-03
-7.208235e-02 5.207039e-03
-7.244406e-02 4.733026e-03
-7.277258e-02 4.259158e-03
-7.306754e-02 3.785440e-03
-7.332863e-02 3.311871e-03
-7.355553e-02 2.838444e-03
-7.374798e-02 2.365149e-03
-7.390576e-02 1.891970e-03
-7.402867e-02 1.418889e-03
-7.411658e-02 9.458828e-04
-7.416936e-02 4.729283e-04
-7.418696e-02 2.359730e-18
-7.416936e-02 -4.729283e-04