-7.390576e-02 1.891970e-03
-7.418696e-02 -2.359730e-18
-7.390576e-02 -1.891970e-03
-7.306754e-02 -3.785440e-03
-7.168784e-02 -5.681185e-03
-6.979049e-02 -7.578631e-03
-6.740476e-02 -9.475406e-03
-6.456187e-02 -1.136712e-02
-6.129116e-02 -1.324745e-02
-5.761645e-02 -1.510843e-02
-5.355300e-02 -1.694095e-02
-4.910552e-02 -1.873538e-02
-4.426748e-02 -2.048206e-02
-3.902192e-02 -2.217161e-02
-3.334398e-02 -2.379486e-02
-2.720474e-02 -2.534230e-02
-2.057649e-02 -2.680294e-02
-1.343870e-02 -2.816268e-02
-5.784469e-03 -2.940225e-02
2.373260e-03 -3.049478e-02
1.099623e-02 -3.140350e-02
2.001673e-02 -3.207979e-02
2.933519e-02 -3.246218e-02
3.881999e-02 -3.247684e-02
4.830948e-02 -3.204041e-02
5.761645e-02 -3.106540e-02
6.653468e-02 -2.946872e-02
7.484741e-02 -2.718281e-02
8.233704e-02 -2.416837e-02
8.879568e-02 -2.042668e-02
9.403559e-02 -1.600913e-02
9.789903e-02 -1.102128e-02
1.002667e-01 -5.619549e-03
1.010644e-01 0.000000e+00
1.002667e-01 5.619549e-03
9.789903e-02 1.102128e-02
9.403559e-02 1.600913e-02
8.879568e-02 2.042668e-02
8.233704e-02 2.416837e-02
7.484741e-02 2.718281e-02
6.653468e-02 2.946872e-02
5.761645e-02 3.106540e-02
4.830948e-02 3.204041e-02
3.881999e-02 3.247684e-02
2.933519e-02 3.246218e-02
2.001673e-02 3.207979e-02
1.099623e-02 3.140350e-02
2.373260e-03 3.049478e-02
-5.784469e-03 2.940225e-02
-1.343870e-02 2.816268e-02
-2.057649e-02 2.680294e-02
-2.720474e-02 2.534230e-02
-3.334398e-02 2.379486e-02
-3.902192e-02 2.217161e-02
-4.426748e-02 2.048206e-02
-4.910552e-02 1.873538e-02
-5.355300e-02 1.694095e-02
-5.761645e-02 1.510843e-02
-6.129116e-02 1.324745e-02
-6.456187e-02 1.136712e-02
-6.740476e-02 9.475406e-03
-6.979049e-02 7.578631e-03
-7.168784e-02 5.681185e-03
-7.306754e-02 3.785440e-03
-7.390576e-02 1.891970e-03
-7.418696e-02 2.359730e-18
-7.390576e-02 -1.891970e-03