-7.418258e-02 -7.391786e-04
-7.417710e-02 -1.108771e-03
-7.416943e-02 -1.478367e-03
-7.415957e-02 -1.847969e-03
-7.414752e-02 -2.217577e-03
-7.413328e-02 -2.587192e-03
-7.411685e-02 -2.956816e-03
-7.409824e-02 -3.326451e-03
-7.407744e-02 -3.696096e-03
-7.405445e-02 -4.065754e-03
-7.402929e-02 -4.435426e-03
-7.400195e-02 -4.805112e-03
-7.397242e-02 -5.174814e-03
-7.394073e-02 -5.544533e-03
-7.390685e-02 -5.914270e-03
-7.387081e-02 -6.284026e-03
-7.383260e-02 -6.653802e-03
-7.379223e-02 -7.023599e-03
-7.374969e-02 -7.393418e-03
-7.370499e-02 -7.763259e-03
-7.365814e-02 -8.133124e-03
-7.360913e-02 -8.503014e-03
-7.355798e-02 -8.872928e-03
-7.350468e-02 -9.242867e-03
-7.344924e-02 -9.612834e-03
-7.339167e-02 -9.982827e-03
-7.333196e-02 -1.035285e-02
-7.327012e-02 -1.072290e-02
-7.320616e-02 -1.109297e-02
-7.314007e-02 -1.146308e-02
-7.307188e-02 -1.183321e-02
-7.300157e-02 -1.220337e-02
-7.292916e-02 -1.257357e-02
-7.285465e-02 -1.294379e-02
-7.277804e-02 -1.331404e-02
-7.269935e-02 -1.368432e-02
-7.261857e-02 -1.405463e-02
-7.253571e-02 -1.442497e-02
-7.245078e-02 -1.479534e-02
-7.236378e-02 -1.516573e-02
-7.227472e-02 -1.553616e-02
-7.218361e-02 -1.590661e-02
-7.209045e-02 -1.627708e-02
-7.199525e-02 -1.664759e-02
-7.189801e-02 -1.701812e-02
-7.179874e-02 -1.738867e-02
-7.169744e-02 -1.775925e-02
-7.159413e-02 -1.812985e-02
-7.148881e-02 -1.850047e-02
-7.138149e-02 -1.887112e-02
-7.127217e-02 -1.924178e-02
-7.116086e-02 -1.961246e-02
-7.104757e-02 -1.998315e-02
-7.093231e-02 -2.035386e-02
-7.081507e-02 -2.072459e-02
-7.069588e-02 -2.109532e-02
-7.057473e-02 -2.146607e-02
-7.045163e-02 -2.183682e-02
-7.032660e-02 -2.220758e-02
-7.019963e-02 -2.257834e-02
-7.007074e-02 -2.294910e-02
-6.993993e-02 -2.331987e-02
-6.980721e-02 -2.369063e-02
-6.967259e-02 -2.406138e-02
-6.953608e-02 -2.443212e-02
-6.939768e-02 -2.480286e-02
-6.925740e-02 -2.517358e-02
-6.911524e-02 -2.554428e-02
-6.897123e-02 -2.591496e-02
-6.882536e-02 -2.628563e-02
-6.867764e-02 -2.665626e-02
-6.852808e-02 -2.702687e-02
-6.837669e-02 -2.739744e-02
-6.822347e-02 -2.776797e-02
-6.806843e-02 -2.813847e-02
-6.791159e-02 -2.850892e-02
-6.775294e-02 -2.887933e-02
-6.759250e-02 -2.924969e-02
-6.743027e-02 -2.961999e-02
-6.726626e-02 -2.999023e-02
-6.710048e-02 -3.036041e-02
-6.693293e-02 -3.073052e-02
-6.676363e-02 -3.110056e-02
-6.659258e-02 -3.147052e-02
-6.641979e-02 -3.184040e-02
-6.624526e-02 -3.221020e-02
-6.606900e-02 -3.257991e-02
-6.589103e-02 -3.294952e-02
-6.571134e-02 -3.331903e-02
-6.552995e-02 -3.368844e-02
-6.534686e-02 -3.405774e-02
-6.516207e-02 -3.442693e-02
-6.497561e-02 -3.479599e-02
-6.478746e-02 -3.516493e-02
-6.459765e-02 -3.553374e-02
-6.440617e-02 -3.590241e-02
-6.421303e-02 -3.627094e-02
-6.401824e-02 -3.663933e-02
-6.382181e-02 -3.700756e-02
-6.362374e-02 -3.737563e-02
-6.342403e-02 -3.774354e-02
-6.322270e-02 -3.811127e-02
-6.301976e-02 -3.847884e-02
-6.281519e-02 -3.884621e-02
-6.260903e-02 -3.921340e-02
-6.240125e-02 -3.958040e-02
-6.219189e-02 -3.994719e-02
-6.198093e-02 -4.031378e-02
-6.176838e-02 -4.068015e-02
-6.155426e-02 -4.104630e-02
-6.133855e-02 -4.141223e-02
-6.112128e-02 -4.177792e-02
-6.090245e-02 -4.214337e-02
-6.068205e-02 -4.250858e-02
-6.046010e-02 -4.287353e-02
-6.023659e-02 -4.323822e-02
-6.001154e-02 -4.360265e-02
-5.978495e-02 -4.396680e-02
-5.955681e-02 -4.433067e-02
-5.932714e-02 -4.469425e-02
-5.909594e-02 -4.505754e-02
-5.886321e-02 -4.542053e-02
-5.862896e-02 -4.578321e-02
-5.839319e-02 -4.614557e-02
-5.815589e-02 -4.650761e-02
-5.791709e-02 -4.686932e-02
-5.767676e-02 -4.723069e-02
-5.743493e-02 -4.759172e-02
-5.719160e-02 -4.795240e-02
-5.694676e-02 -4.831272e-02
-5.670041e-02 -4.867267e-02
-5.645256e-02 -4.903225e-02
-5.620322e-02 -4.939144e-02
-5.595238e-02 -4.975025e-02
-5.570004e-02 -5.010867e-02
-5.544621e-02 -5.046668e-02
-5.519088e-02 -5.082428e-02
-5.493406e-02 -5.118146e-02
-5.467575e-02 -5.153822e-02
-5.441595e-02 -5.189454e-02
-5.415465e-02 -5.225043e-02
-5.389187e-02 -5.260587e-02
-5.362760e-02 -5.296085e-02
-5.336183e-02 -5.331537e-02
-5.309458e-02 -5.366942e-02
-5.282583e-02 -5.402300e-02
-5.255559e-02 -5.437609e-02
-5.228386e-02 -5.472869e-02
-5.201064e-02 -5.508079e-02
-5.173592e-02 -5.543238e-02
-5.145970e-02 -5.578346e-02
-5.118199e-02 -5.613402e-02
-5.090278e-02 -5.648404e-02
-5.062207e-02 -5.683354e-02
-5.033985e-02 -5.718249e-02
-5.005613e-02 -5.753088e-02
-4.977090e-02 -5.787872e-02
-4.948416e-02 -5.822600e-02
-4.919591e-02 -5.857270e-02
-4.890615e-02 -5.891882e-02
-4.861486e-02 -5.926436e-02
-4.832206e-02 -5.960930e-02
-4.802773e-02 -5.995364e-02
-4.773187e-02 -6.029737e-02
-4.743448e-02 -6.064048e-02
-4.713555e-02 -6.098297e-02
-4.683508e-02 -6.132483e-02
-4.653307e-02 -6.166605e-02
-4.622952e-02 -6.200663e-02
-4.592441e-02 -6.234655e-02
-4.561774e-02 -6.268582e-02
-4.530951e-02 -6.302442e-02
-4.499972e-02 -6.336235e-02
-4.468836e-02 -6.369959e-02
-4.437541e-02 -6.403616e-02
-4.406089e-02 -6.437202e-02
-4.374478e-02 -6.470719e-02
-4.342708e-02 -6.504164e-02
-4.310779e-02 -6.537539e-02
-4.278689e-02 -6.570841e-02
-4.246438e-02 -6.604070e-02
-4.214025e-02 -6.637225e-02
-4.181451e-02 -6.670306e-02
-4.148714e-02 -6.703313e-02
-4.115813e-02 -6.736243e-02
-4.082749e-02 -6.769098e-02
-4.049520e-02 -6.801875e-02
-4.016126e-02 -6.834574e-02
-3.982566e-02 -6.867195e-02
-3.948839e-02 -6.899737e-02
-3.914945e-02 -6.932199e-02
-3.880884e-02 -6.964581e-02
-3.846654e-02 -6.996881e-02
-3.812255e-02 -7.029100e-02
-3.777685e-02 -7.061236e-02
-3.742946e-02 -7.093288e-02
-3.708034e-02 -7.125257e-02
-3.672951e-02 -7.157141e-02
-3.637695e-02 -7.188939e-02
-3.602266e-02 -7.220652e-02
-3.566663e-02 -7.252277e-02
-3.530884e-02 -7.283815e-02
-3.494930e-02 -7.315265e-02
-3.458800e-02 -7.346626e-02
-3.422492e-02 -7.377897e-02
-3.386007e-02 -7.409077e-02
-3.349343e-02 -7.440166e-02
-3.312501e-02 -7.471164e-02
-3.275478e-02 -7.502068e-02
-3.238274e-02 -7.532880e-02
-3.200889e-02 -7.563597e-02
-3.163322e-02 -7.594219e-02
-3.125572e-02 -7.624745e-02
-3.087639e-02 -7.655174e-02
-3.049521e-02 -7.685506e-02
-3.011219e-02 -7.715740e-02
-2.972731e-02 -7.745875e-02
-2.934056e-02 -7.775910e-02
-2.895195e-02 -7.805845e-02
-2.856146e-02 -7.835678e-02
-2.816908e-02 -7.865408e-02
-2.777482e-02 -7.895035e-02
-2.737866e-02 -7.924558e-02
-2.698060e-02 -7.953976e-02
-2.658063e-02 -7.983288e-02
-2.617875e-02 -8.012493e-02
-2.577494e-02 -8.041590e-02
-2.536921e-02 -8.070579e-02
-2.496154e-02 -8.099457e-02
-2.455194e-02 -8.128225e-02
-2.414040e-02 -8.156881e-02
-2.372690e-02 -8.185424e-02
-2.331145e-02 -8.213853e-02
-2.289404e-02 -8.242167e-02
-2.247467e-02 -8.270365e-02
-2.205333e-02 -8.298445e-02
-2.163002e-02 -8.326408e-02
-2.120473e-02 -8.354251e-02
-2.077746e-02 -8.381973e-02
-2.034820e-02 -8.409574e-02
-1.991696e-02 -8.437051e-02
-1.948372e-02 -8.464404e-02
-1.904849e-02 -8.491632e-02
-1.861125e-02 -8.518732e-02
-1.817202e-02 -8.545704e-02
-1.773078e-02 -8.572547e-02
-1.728754e-02 -8.599259e-02
-1.684228e-02 -8.625838e-02
-1.639502e-02 -8.652283e-02
-1.594574e-02 -8.678593e-02
-1.549445e-02 -8.704767e-02
-1.504114e-02 -8.730802e-02
-1.458582e-02 -8.756697e-02
-1.412849e-02 -8.782450e-02
-1.366913e-02 -8.808060e-02
-1.320777e-02 -8.833526e-02
-1.274438e-02 -8.858844e-02
-1.227898e-02 -8.884015e-02
-1.181157e-02 -8.909035e-02
-1.134214e-02 -8.933904e-02
-1.087071e-02 -8.958619e-02
-1.039726e-02 -8.983178e-02
-9.921805e-03 -9.007579e-02
-9.444348e-03 -9.031821e-02
-8.964889e-03 -9.055902e-02
-8.483432e-03 -9.079818e-02
-7.999981e-03 -9.103569e-02
-7.514539e-03 -9.127152e-02
-7.027112e-03 -9.150565e-02
-6.537704e-03 -9.173806e-02
-6.046319e-03 -9.196872e-02
-5.552964e-03 -9.219761e-02
-5.057645e-03 -9.242471e-02
-4.560367e-03 -9.264999e-02
-4.061138e-03 -9.287343e-02
-3.559965e-03 -9.309500e-02
-3.056854e-03 -9.331468e-02
-2.551814e-03 -9.353244e-02
-2.044854e-03 -9.374826e-02
-1.535981e-03 -9.396210e-02
-1.025206e-03 -9.417394e-02
-5.125366e-04 -9.438375e-02
2.015798e-06 -9.459150e-02
5.184411e-04 -9.479717e-02
1.036729e-03 -9.500072e-02
1.556867e-03 -9.520212e-02
2.078844e-03 -9.540135e-02
2.602649e-03 -9.559836e-02
3.128267e-03 -9.579313e-02
3.655687e-03 -9.598563e-02
4.184894e-03 -9.617582e-02
4.715875e-03 -9.636366e-02
5.248616e-03 -9.654914e-02
5.783100e-03 -9.673219e-02
6.319314e-03 -9.691281e-02
6.857241e-03 -9.709094e-02
7.396864e-03 -9.726655e-02
7.938167e-03 -9.743960e-02
8.481133e-03 -9.761006e-02
9.025744e-03 -9.777788e-02
9.571982e-03 -9.794303e-02
1.011983e-02 -9.810546e-02
1.066926e-02 -9.826515e-02
1.122026e-02 -9.842204e-02
1.177282e-02 -9.857609e-02
1.232690e-02 -9.872726e-02
1.288248e-02 -9.887551e-02
1.343956e-02 -9.902080e-02
1.399809e-02 -9.916307e-02
1.455807e-02 -9.930230e-02
1.511947e-02 -9.943842e-02
1.568225e-02 -9.957139e-02
1.624641e-02 -9.970118e-02
1.681192e-02 -9.982772e-02
1.737874e-02 -9.995098e-02
1.794686e-02 -1.000709e-01
1.851625e-02 -1.001874e-01
1.908688e-02 -1.003005e-01
1.965872e-02 -1.004101e-01
2.023175e-02 -1.005162e-01
2.080594e-02 -1.006187e-01
2.138126e-02 -1.007175e-01
2.195769e-02 -1.008127e-01
2.253518e-02 -1.009041e-01
2.311372e-02 -1.009917e-01
2.369327e-02 -1.010755e-01
2.427380e-02 -1.011553e-01
2.485528e-02 -1.012312e-01
2.543767e-02 -1.013030e-01
2.602095e-02 -1.013708e-01
2.660509e-02 -1.014344e-01
2.719004e-02 -1.014939e-01
2.777578e-02 -1.015490e-01
2.836226e-02 -1.015999e-01
2.894947e-02 -1.016464e-01
2.953735e-02 -1.016885e-01
3.012588e-02 -1.017261e-01
3.071501e-02 -1.017591e-01
3.130472e-02 -1.017875e-01
3.189497e-02 -1.018112e-01
3.248571e-02 -1.018302e-01
3.307690e-02 -1.018444e-01
3.366853e-02 -1.018537e-01
3.426053e-02 -1.018581e-01
3.485287e-02 -1.018575e-01
3.544552e-02 -1.018519e-01
3.603843e-02 -1.018411e-01
3.663156e-02 -1.018252e-01
3.722488e-02 -1.018040e-01
3.781833e-02 -1.017775e-01
3.841189e-02 -1.017456e-01
3.900549e-02 -1.017082e-01
3.959912e-02 -1.016653e-01
4.019271e-02 -1.016169e-01
4.078623e-02 -1.015628e-01
4.137963e-02 -1.015030e-01
4.197287e-02 -1.014374e-01
4.256590e-02 -1.013660e-01
4.315869e-02 -1.012887e-01
4.375118e-02 -1.012053e-01
4.434333e-02 -1.011159e-01
4.493509e-02 -1.010205e-01
4.552642e-02 -1.009188e-01
4.611726e-02 -1.008108e-01
4.670758e-02 -1.006966e-01
4.729733e-02 -1.005760e-01
4.788646e-02 -1.004489e-01
4.847491e-02 -1.003153e-01
4.906265e-02 -1.001751e-01
4.964962e-02 -1.000282e-01
5.023578e-02 -9.987467e-02
5.082108e-02 -9.971432e-02
5.140546e-02 -9.954712e-02
5.198888e-02 -9.937300e-02
5.257128e-02 -9.919190e-02
5.315263e-02 -9.900375e-02
5.373286e-02 -9.880850e-02
5.431193e-02 -9.860606e-02
5.488978e-02 -9.839639e-02
5.546637e-02 -9.817942e-02
5.604165e-02 -9.795508e-02
5.661556e-02 -9.772332e-02
5.718804e-02 -9.748407e-02
5.775906e-02 -9.723728e-02
5.832856e-02 -9.698287e-02
5.889648e-02 -9.672081e-02
5.946278e-02 -9.645102e-02
6.002740e-02 -9.617344e-02
6.059028e-02 -9.588803e-02
6.115139e-02 -9.559473e-02
6.171065e-02 -9.529347e-02
6.226803e-02 -9.498422e-02
6.282347e-02 -9.466691e-02
6.337691e-02 -9.434149e-02
6.392830e-02 -9.400791e-02
6.447759e-02 -9.366613e-02
6.502473e-02 -9.331609e-02
6.556966e-02 -9.295775e-02
6.611233e-02 -9.259105e-02
6.665268e-02 -9.221597e-02
6.719067e-02 -9.183244e-02
6.772624e-02 -9.144044e-02
6.825933e-02 -9.103991e-02
6.878990e-02 -9.063083e-02
6.931788e-02 -9.021315e-02
6.984323e-02 -8.978683e-02
7.036590e-02 -8.935185e-02
7.088582e-02 -8.890816e-02
7.140295e-02 -8.845574e-02
7.191723e-02 -8.799456e-02
7.242861e-02 -8.752458e-02
7.293704e-02 -8.704579e-02
7.344247e-02 -8.655815e-02
7.394483e-02 -8.606165e-02
7.444409e-02 -8.555626e-02
7.494018e-02 -8.504197e-02
7.543306e-02 -8.451875e-02
7.592267e-02 -8.398659e-02
7.640896e-02 -8.344548e-02
7.689187e-02 -8.289541e-02
7.737137e-02 -8.233636e-02
7.784739e-02 -8.176834e-02
7.831988e-02 -8.119133e-02
7.878880e-02 -8.060534e-02
7.925408e-02 -8.001035e-02
7.971569e-02 -7.940638e-02
8.017357e-02 -7.879343e-02
8.062767e-02 -7.817150e-02
8.107795e-02 -7.754060e-02
8.152434e-02 -7.690074e-02
8.196680e-02 -7.625194e-02
8.240529e-02 -7.559421e-02
8.283976e-02 -7.492757e-02
8.327014e-02 -7.425203e-02
8.369641e-02 -7.356763e-02
8.411851e-02 -7.287438e-02
8.453638e-02 -7.217232e-02
8.495000e-02 -7.146148e-02
8.535930e-02 -7.074188e-02
8.576424e-02 -7.001356e-02
8.616478e-02 -6.927656e-02
8.656088e-02 -6.853092e-02
8.695247e-02 -6.777668e-02
8.733953e-02 -6.701390e-02
8.772200e-02 -6.624261e-02
8.809985e-02 -6.546286e-02
8.847302e-02 -6.467472e-02
8.884148e-02 -6.387823e-02
8.920518e-02 -6.307346e-02
8.956408e-02 -6.226046e-02
8.991815e-02 -6.143931e-02
9.026733e-02 -6.061006e-02
9.061158e-02 -5.977278e-02
9.095087e-02 -5.892756e-02
9.128516e-02 -5.807445e-02
9.161441e-02 -5.721354e-02
9.193858e-02 -5.634491e-02
9.225762e-02 -5.546864e-02
9.257151e-02 -5.458482e-02
9.288021e-02 -5.369353e-02
9.318367e-02 -5.279485e-02
9.348187e-02 -5.188890e-02
9.377476e-02 -5.097575e-02
9.406232e-02 -5.005551e-02
9.434451e-02 -4.912827e-02
9.462129e-02 -4.819415e-02
9.489263e-02 -4.725324e-02
9.515850e-02 -4.630565e-02
9.541887e-02 -4.535149e-02
9.567370e-02 -4.439087e-02
9.592297e-02 -4.342391e-02
9.616665e-02 -4.245073e-02
9.640470e-02 -4.147143e-02
9.663709e-02 -4.048616e-02
9.686381e-02 -3.949502e-02
9.708481e-02 -3.849814e-02
9.730009e-02 -3.749566e-02
9.750959e-02 -3.648770e-02
9.771332e-02 -3.547439e-02
9.791123e-02 -3.445587e-02
9.810330e-02 -3.343227e-02
9.828952e-02 -3.240373e-02
9.846985e-02 -3.137040e-02
9.864428e-02 -3.033240e-02
9.881278e-02 -2.928990e-02
9.897533e-02 -2.824302e-02
9.913192e-02 -2.719193e-02
9.928253e-02 -2.613676e-02
9.942713e-02 -2.507767e-02
9.956571e-02 -2.401480e-02
9.969825e-02 -2.294832e-02
9.982473e-02 -2.187837e-02
9.994515e-02 -2.080512e-02
1.000595e-01 -1.972871e-02
1.001677e-01 -1.864932e-02
1.002698e-01 -1.756708e-02
1.003658e-01 -1.648218e-02
1.004557e-01 -1.539477e-02
1.005394e-01 -1.430501e-02
1.006169e-01 -1.321307e-02
1.006883e-01 -1.211910e-02
1.007535e-01 -1.102329e-02
1.008125e-01 -9.925783e-03
1.008653e-01 -8.826758e-03
1.009120e-01 -7.726379e-03
1.009524e-01 -6.624816e-03
1.009866e-01 -5.522235e-03
1.010146e-01 -4.418807e-03
1.010364e-01 -3.314699e-03
1.010519e-01 -2.210083e-03
1.010613e-01 -1.105126e-03
1.010644e-01 0.000000e+00
1.010613e-01 1.105126e-03
1.010519e-01 2.210083e-03
1.010364e-01 3.314699e-03
1.010146e-01 4.418807e-03
1.009866e-01 5.522235e-03
1.009524e-01 6.624816e-03
1.009120e-01 7.726379e-03
1.008653e-01 8.826758e-03
1.008125e-01 9.925783e-03
1.007535e-01 1.102329e-02
1.006883e-01 1.211910e-02
1.006169e-01 1.321307e-02
1.005394e-01 1.430501e-02
1.004557e-01 1.539477e-02
1.003658e-01 1.648218e-02
1.002698e-01 1.756708e-02
1.001677e-01 1.864932e-02
1.000595e-01 1.972871e-02
9.994515e-02 2.080512e-02
9.982473e-02 2.187837e-02
9.969825e-02 2.294832e-02
9.956571e-02 2.401480e-02
9.942713e-02 2.507767e-02
9.928253e-02 2.613676e-02
9.913192e-02 2.719193e-02
9.897533e-02 2.824302e-02
9.881278e-02 2.928990e-02
9.864428e-02 3.033240e-02
9.846985e-02 3.137040e-02
9.828952e-02 3.240373e-02
9.810330e-02 3.343227e-02
9.791123e-02 3.445587e-02
9.771332e-02 3.547439e-02
9.750959e-02 3.648770e-02
9.730009e-02 3.749566e-02
9.708481e-02 3.849814e-02
9.686381e-02 3.949502e-02
9.663709e-02 4.048616e-02
9.640470e-02 4.147143e-02
9.616665e-02 4.245073e-02
9.592297e-02 4.342391e-02
9.567370e-02 4.439087e-02
9.541887e-02 4.535149e-02
9.515850e-02 4.630565e-02
9.489263e-02 4.725324e-02
9.462129e-02 4.819415e-02
9.434451e-02 4.912827e-02
9.406232e-02 5.005551e-02
9.377476e-02 5.097575e-02
9.348187e-02 5.188890e-02
9.318367e-02 5.279485e-02
9.288021e-02 5.369353e-02
9.257151e-02 5.458482e-02
9.225762e-02 5.546864e-02
9.193858e-02 5.634491e-02
9.161441e-02 5.721354e-02
9.128516e-02 5.807445e-02
9.095087e-02 5.892756e-02
9.061158e-02 5.977278e-02
9.026733e-02 6.061006e-02
8.991815e-02 6.143931e-02
8.956408e-02 6.226046e-02
8.920518e-02 6.307346e-02
8.884148e-02 6.387823e-02
8.847302e-02 6.467472e-02
8.809985e-02 6.546286e-02
8.772200e-02 6.624261e-02
8.733953e-02 6.701390e-02
8.695247e-02 6.777668e-02
8.656088e-02 6.853092e-02
8.616478e-02 6.927656e-02
8.576424e-02 7.001356e-02
8.535930e-02 7.074188e-02
8.495000e-02 7.146148e-02
8.453638e-02 7.217232e-02
8.411851e-02 7.287438e-02
8.369641e-02 7.356763e-02
8.327014e-02 7.425203e-02
8.283976e-02 7.492757e-02
8.240529e-02 7.559421e-02
8.196680e-02 7.625194e-02
8.152434e-02 7.690074e-02
8.107795e-02 7.754060e-02
8.062767e-02 7.817150e-02
8.017357e-02 7.879343e-02
7.971569e-02 7.940638e-02
7.925408e-02 8.001035e-02
7.878880e-02 8.060534e-02
7.831988e-02 8.119133e-02
7.784739e-02 8.176834e-02
7.737137e-02 8.233636e-02
7.689187e-02 8.289541e-02
7.640896e-02 8.344548e-02
7.592267e-02 8.398659e-02
7.543306e-02 8.451875e-02
7.494018e-02 8.504197e-02
7.444409e-02 8.555626e-02
7.394483e-02 8.606165e-02
7.344247e-02 8.655815e-02
7.293704e-02 8.704579e-02
7.242861e-02 8.752458e-02
7.191723e-02 8.799456e-02
7.140295e-02 8.845574e-02
7.088582e-02 8.890816e-02
7.036590e-02 8.935185e-02
6.984323e-02 8.978683e-02
6.931788e-02 9.021315e-02
6.878990e-02 9.063083e-02
6.825933e-02 9.103991e-02
6.772624e-02 9.144044e-02
6.719067e-02 9.183244e-02
6.665268e-02 9.221597e-02
6.611233e-02 9.259105e-02
6.556966e-02 9.295775e-02
6.502473e-02 9.331609e-02
6.447759e-02 9.366613e-02
6.392830e-02 9.400791e-02
6.337691e-02 9.434149e-02
6.282347e-02 9.466691e-02
6.226803e-02 9.498422e-02
6.171065e-02 9.529347e-02
6.115139e-02 9.559473e-02
6.059028e-02 9.588803e-02
6.002740e-02 9.617344e-02
5.946278e-02 9.645102e-02
5.889648e-02 9.672081e-02
5.832856e-02 9.698287e-02
5.775906e-02 9.723728e-02
5.718804e-02 9.748407e-02
5.661556e-02 9.772332e-02
5.604165e-02 9.795508e-02
5.546637e-02 9.817942e-02
5.488978e-02 9.839639e-02
5.431193e-02 9.860606e-02
5.373286e-02 9.880850e-02
5.315263e-02 9.900375e-02
5.257128e-02 9.919190e-02
5.198888e-02 9.937300e-02
5.140546e-02 9.954712e-02
5.082108e-02 9.971432e-02
5.023578e-02 9.987467e-02
4.964962e-02 1.000282e-01
4.906265e-02 1.001751e-01
4.847491e-02 1.003153e-01
4.788646e-02 1.004489e-01
4.729733e-02 1.005760e-01
4.670758e-02 1.006966e-01
4.611726e-02 1.008108e-01
4.552642e-02 1.009188e-01
4.493509e-02 1.010205e-01
4.434333e-02 1.011159e-01
4.375118e-02 1.012053e-01
4.315869e-02 1.012887e-01
4.256590e-02 1.013660e-01
4.197287e-02 1.014374e-01
4.137963e-02 1.015030e-01
4.078623e-02 1.015628e-01
4.019271e-02 1.016169e-01
3.959912e-02 1.016653e-01
3.900549e-02 1.017082e-01
3.841189e-02 1.017456e-01
3.781833e-02 1.017775e-01
3.722488e-02 1.018040e-01
3.663156e-02 1.018252e-01
3.603843e-02 1.018411e-01
3.544552e-02 1.018519e-01
3.485287e-02 1.018575e-01
3.426053e-02 1.018581e-01
3.366853e-02 1.018537e-01
3.307690e-02 1.018444e-01
3.248571e-02 1.018302e-01
3.189497e-02 1.018112e-01
3.130472e-02 1.017875e-01
3.071501e-02 1.017591e-01
3.012588e-02 1.017261e-01
2.953735e-02 1.016885e-01
2.894947e-02 1.016464e-01
2.836226e-02 1.015999e-01
2.777578e-02 1.015490e-01
2.719004e-02 1.014939e-01
2.660509e-02 1.014344e-01
2.602095e-02 1.013708e-01
2.543767e-02 1.013030e-01
2.485528e-02 1.012312e-01
2.427380e-02 1.011553e-01
2.369327e-02 1.010755e-01
2.311372e-02 1.009917e-01
2.253518e-02 1.009041e-01
2.195769e-02 1.008127e-01
2.138126e-02 1.007175e-01
2.080594e-02 1.006187e-01
2.023175e-02 1.005162e-01
1.965872e-02 1.004101e-01
1.908688e-02 1.003005e-01
1.851625e-02 1.001874e-01
1.794686e-02 1.000709e-01
1.737874e-02 9.995098e-02
1.681192e-02 9.982772e-02
1.624641e-02 9.970118e-02
1.568225e-02 9.957139e-02
1.511947e-02 9.943842e-02
1.455807e-02 9.930230e-02
1.399809e-02 9.916307e-02
1.343956e-02 9.902080e-02
1.288248e-02 9.887551e-02
1.232690e-02 9.872726e-02
1.177282e-02 9.857609e-02
1.122026e-02 9.842204e-02
1.066926e-02 9.826515e-02
1.011983e-02 9.810546e-02
9.571982e-03 9.794303e-02
9.025744e-03 9.777788e-02
8.481133e-03 9.761006e-02
7.938167e-03 9.743960e-02
7.396864e-03 9.726655e-02
6.857241e-03 9.709094e-02
6.319314e-03 9.691281e-02
5.783100e-03 9.673219e-02
5.248616e-03 9.654914e-02
4.715875e-03 9.636366e-02
4.184894e-03 9.617582e-02
3.655687e-03 9.598563e-02
3.128267e-03 9.579313e-02
2.602649e-03 9.559836e-02
2.078844e-03 9.540135e-02
1.556867e-03 9.520212e-02
1.036729e-03 9.500072e-02
5.184411e-04 9.479717e-02
2.015798e-06 9.459150e-02
-5.125366e-04 9.438375e-02
-1.025206e-03 9.417394e-02
-1.535981e-03 9.396210e-02
-2.044854e-03 9.374826e-02
-2.551814e-03 9.353244e-02
-3.056854e-03 9.331468e-02
-3.559965e-03 9.309500e-02
-4.061138e-03 9.287343e-02
-4.560367e-03 9.264999e-02
-5.057645e-03 9.242471e-02
-5.552964e-03 9.219761e-02
-6.046319e-03 9.196872e-02
-6.537704e-03 9.173806e-02
-7.027112e-03 9.150565e-02
-7.514539e-03 9.127152e-02
-7.999981e-03 9.103569e-02
-8.483432e-03 9.079818e-02
-8.964889e-03 9.055902e-02
-9.444348e-03 9.031821e-02
-9.921805e-03 9.007579e-02
-1.039726e-02 8.983178e-02
-1.087071e-02 8.958619e-02
-1.134214e-02 8.933904e-02
-1.181157e-02 8.909035e-02
-1.227898e-02 8.884015e-02
-1.274438e-02 8.858844e-02
-1.320777e-02 8.833526e-02
-1.366913e-02 8.808060e-02
-1.412849e-02 8.782450e-02
-1.458582e-02 8.756697e-02
-1.504114e-02 8.730802e-02
-1.549445e-02 8.704767e-02
-1.594574e-02 8.678593e-02
-1.639502e-02 8.652283e-02
-1.684228e-02 8.625838e-02
-1.728754e-02 8.599259e-02
-1.773078e-02 8.572547e-02
-1.817202e-02 8.545704e-02
-1.861125e-02 8.518732e-02
-1.904849e-02 8.491632e-02
-1.948372e-02 8.464404e-02
-1.991696e-02 8.437051e-02
-2.034820e-02 8.409574e-02
-2.077746e-02 8.381973e-02
-2.120473e-02 8.354251e-02
-2.163002e-02 8.326408e-02
-2.205333e-02 8.298445e-02
-2.247467e-02 8.270365e-02
-2.289404e-02 8.242167e-02
-2.331145e-02 8.213853e-02
-2.372690e-02 8.185424e-02
-2.414040e-02 8.156881e-02
-2.455194e-02 8.128225e-02
-2.496154e-02 8.099457e-02
-2.536921e-02 8.070579e-02
-2.577494e-02 8.041590e-02
-2.617875e-02 8.012493e-02
-2.658063e-02 7.983288e-02
-2.698060e-02 7.953976e-02
-2.737866e-02 7.924558e-02
-2.777482e-02 7.895035e-02
-2.816908e-02 7.865408e-02
-2.856146e-02 7.835678e-02
-2.895195e-02 7.805845e-02
-2.934056e-02 7.775910e-02
-2.972731e-02 7.745875e-02
-3.011219e-02 7.715740e-02
-3.049521e-02 7.685506e-02
-3.087639e-02 7.655174e-02
-3.125572e-02 7.624745e-02
-3.163322e-02 7.594219e-02
-3.200889e-02 7.563597e-02
-3.238274e-02 7.532880e-02
-3.275478e-02 7.502068e-02
-3.312501e-02 7.471164e-02
-3.349343e-02 7.440166e-02
-3.386007e-02 7.409077e-02
-3.422492e-02 7.377897e-02
-3.458800e-02 7.346626e-02
-3.494930e-02 7.315265e-02
-3.530884e-02 7.283815e-02
-3.566663e-02 7.252277e-02
-3.602266e-02 7.220652e-02
-3.637695e-02 7.188939e-02
-3.672951e-02 7.157141e-02
-3.708034e-02 7.125257e-02
-3.742946e-02 7.093288e-02
-3.777685e-02 7.061236e-02
-3.812255e-02 7.029100e-02
-3.846654e-02 6.996881e-02
-3.880884e-02 6.964581e-02
-3.914945e-02 6.932199e-02
-3.948839e-02 6.899737e-02
-3.982566e-02 6.867195e-02
-4.016126e-02 6.834574e-02
-4.049520e-02 6.801875e-02
-4.082749e-02 6.769098e-02
-4.115813e-02 6.736243e-02
-4.148714e-02 6.703313e-02
-4.181451e-02 6.670306e-02
-4.214025e-02 6.637225e-02
-4.246438e-02 6.604070e-02
-4.278689e-02 6.570841e-02
-4.310779e-02 6.537539e-02
-4.342708e-02 6.504164e-02
-4.374478e-02 6.470719e-02
-4.406089e-02 6.437202e-02
-4.437541e-02 6.403616e-02
-4.468836e-02 6.369959e-02
-4.499972e-02 6.336235e-02
-4.530951e-02 6.302442e-02
-4.561774e-02 6.268582e-02
-4.592441e-02 6.234655e-02
-4.622952e-02 6.200663e-02
-4.653307e-02 6.166605e-02
-4.683508e-02 6.132483e-02
-4.713555e-02 6.098297e-02
-4.743448e-02 6.064048e-02
-4.773187e-02 6.029737e-02
-4.802773e-02 5.995364e-02
-4.832206e-02 5.960930e-02
-4.861486e-02 5.926436e-02
-4.890615e-02 5.891882e-02
-4.919591e-02 5.857270e-02
-4.948416e-02 5.822600e-02
-4.977090e-02 5.787872e-02
-5.005613e-02 5.753088e-02
-5.033985e-02 5.718249e-02
-5.062207e-02 5.683354e-02
-5.090278e-02 5.648404e-02
-5.118199e-02 5.613402e-02
-5.145970e-02 5.578346e-02
-5.173592e-02 5.543238e-02
-5.201064e-02 5.508079e-02
-5.228386e-02 5.472869e-02
-5.255559e-02 5.437609e-02
-5.282583e-02 5.402300e-02
-5.309458e-02 5.366942e-02
-5.336183e-02 5.331537e-02
-5.362760e-02 5.296085e-02
-5.389187e-02 5.260587e-02
-5.415465e-02 5.225043e-02
-5.441595e-02 5.189454e-02
-5.467575e-02 5.153822e-02
-5.493406e-02 5.118146e-02
-5.519088e-02 5.082428e-02
-5.544621e-02 5.046668e-02
-5.570004e-02 5.010867e-02
-5.595238e-02 4.975025e-02
-5.620322e-02 4.939144e-02
-5.645256e-02 4.903225e-02
-5.670041e-02 4.867267e-02
-5.694676e-02 4.831272e-02
-5.719160e-02 4.795240e-02
-5.743493e-02 4.759172e-02
-5.767676e-02 4.723069e-02
-5.791709e-02 4.686932e-02
-5.815589e-02 4.650761e-02
-5.839319e-02 4.614557e-02
-5.862896e-02 4.578321e-02
-5.886321e-02 4.542053e-02
-5.909594e-02 4.505754e-02
-5.932714e-02 4.469425e-02
-5.955681e-02 4.433067e-02
-5.978495e-02 4.396680e-02
-6.001154e-02 4.360265e-02
-6.023659e-02 4.323822e-02
-6.046010e-02 4.287353e-02
-6.068205e-02 4.250858e-02
-6.090245e-02 4.214337e-02
-6.112128e-02 4.177792e-02
-6.133855e-02 4.141223e-02
-6.155426e-02 4.104630e-02
-6.176838e-02 4.068015e-02
-6.198093e-02 4.031378e-02
-6.219189e-02 3.994719e-02
-6.240125e-02 3.958040e-02
-6.260903e-02 3.921340e-02
-6.281519e-02 3.884621e-02
-6.301976e-02 3.847884e-02
-6.322270e-02 3.811127e-02
-6.342403e-02 3.774354e-02
-6.362374e-02 3.737563e-02
-6.382181e-02 3.700756e-02
-6.401824e-02 3.663933e-02
-6.421303e-02 3.627094e-02
-6.440617e-02 3.590241e-02
-6.459765e-02 3.553374e-02
-6.478746e-02 3.516493e-02
-6.497561e-02 3.479599e-02
-6.516207e-02 3.442693e-02
-6.534686e-02 3.405774e-02
-6.552995e-02 3.368844e-02
-6.571134e-02 3.331903e-02
-6.589103e-02 3.294952e-02
-6.606900e-02 3.257991e-02
-6.624526e-02 3.221020e-02
-6.641979e-02 3.184040e-02
-6.659258e-02 3.147052e-02
-6.676363e-02 3.110056e-02
-6.693293e-02 3.073052e-02
-6.710048e-02 3.036041e-02
-6.726626e-02 2.999023e-02
-6.743027e-02 2.961999e-02
-6.759250e-02 2.924969e-02
-6.775294e-02 2.887933e-02
-6.791159e-02 2.850892e-02
-6.806843e-02 2.813847e-02
-6.822347e-02 2.776797e-02
-6.837669e-02 2.739744e-02
-6.852808e-02 2.702687e-02
-6.867764e-02 2.665626e-02
-6.882536e-02 2.628563e-02
-6.897123e-02 2.591496e-02
-6.911524e-02 2.554428e-02
-6.925740e-02 2.517358e-02
-6.939768e-02 2.480286e-02
-6.953608e-02 2.443212e-02
-6.967259e-02 2.406138e-02
-6.980721e-02 2.369063e-02
-6.993993e-02 2.331987e-02
-7.007074e-02 2.294910e-02
-7.019963e-02 2.257834e-02
-7.032660e-02 2.220758e-02
-7.045163e-02 2.183682e-02
-7.057473e-02 2.146607e-02
-7.069588e-02 2.109532e-02
-7.081507e-02 2.072459e-02
-7.093231e-02 2.035386e-02
-7.104757e-02 1.998315e-02
-7.116086e-02 1.961246e-02
-7.127217e-02 1.924178e-02
-7.138149e-02 1.887112e-02
-7.148881e-02 1.850047e-02
-7.159413e-02 1.812985e-02
-7.169744e-02 1.775925e-02
-7.179874e-02 1.738867e-02
-7.189801e-02 1.701812e-02
-7.199525e-02 1.664759e-02
-7.209045e-02 1.627708e-02
-7.218361e-02 1.590661e-02
-7.227472e-02 1.553616e-02
-7.236378e-02 1.516573e-02
-7.245078e-02 1.479534e-02
-7.253571e-02 1.442497e-02
-7.261857e-02 1.405463e-02
-7.269935e-02 1.368432e-02
-7.277804e-02 1.331404e-02
-7.285465e-02 1.294379e-02
-7.292916e-02 1.257357e-02
-7.300157e-02 1.220337e-02
-7.307188e-02 1.183321e-02
-7.314007e-02 1.146308e-02
-7.320616e-02 1.109297e-02
-7.327012e-02 1.072290e-02
-7.333196e-02 1.035285e-02
-7.339167e-02 9.982827e-03
-7.344924e-02 9.612834e-03
-7.350468e-02 9.242867e-03
-7.355798e-02 8.872928e-03
-7.360913e-02 8.503014e-03
-7.365814e-02 8.133124e-03
-7.370499e-02 7.763259e-03
-7.374969e-02 7.393418e-03
-7.379223e-02 7.023599e-03
-7.383260e-02 6.653802e-03
-7.387081e-02 6.284026e-03
-7.390685e-02 5.914270e-03
-7.394073e-02 5.544533e-03
-7.397242e-02 5.174814e-03
-7.400195e-02 4.805112e-03
-7.402929e-02 4.435426e-03
-7.405445e-02 4.065754e-03
-7.407744e-02 3.696096e-03
-7.409824e-02 3.326451e-03
-7.411685e-02 2.956816e-03
-7.413328e-02 2.587192e-03
-7.414752e-02 2.217577e-03
-7.415957e-02 1.847969e-03
-7.416943e-02 1.478367e-03
-7.417710e-02 1.108771e-03
-7.418258e-02 7.391786e-04
-7.418587e-02 3.695887e-04