-7.738306e-02 -1.170081e-17
-7.737900e-02 -1.174782e-03
-7.736684e-02 -2.349456e-03
-7.734657e-02 -3.523913e-03
-7.731819e-02 -4.698046e-03
-7.728171e-02 -5.871746e-03
-7.723712e-02 -7.044905e-03
-7.718442e-02 -8.217414e-03
-7.712362e-02 -9.389165e-03
-7.705473e-02 -1.056005e-02
-7.697773e-02 -1.172996e-02
-7.689264e-02 -1.289878e-02
-7.679946e-02 -1.406641e-02
-7.669819e-02 -1.523274e-02
-7.658883e-02 -1.639765e-02
-7.647139e-02 -1.756104e-02
-7.634587e-02 -1.872280e-02
-7.621228e-02 -1.988282e-02
-7.607061e-02 -2.104098e-02
-7.592087e-02 -2.219718e-02
-7.576307e-02 -2.335131e-02
-7.559721e-02 -2.450324e-02
-7.542329e-02 -2.565288e-02
-7.524133e-02 -2.680011e-02
-7.505131e-02 -2.794482e-02
-7.485325e-02 -2.908689e-02
-7.464716e-02 -3.022621e-02
-7.443303e-02 -3.136266e-02
-7.421087e-02 -3.249614e-02
-7.398068e-02 -3.362653e-02
-7.374247e-02 -3.475371e-02
-7.349625e-02 -3.587757e-02
-7.324201e-02 -3.699799e-02
-7.297976e-02 -3.811486e-02
-7.270950e-02 -3.922805e-02
-7.243124e-02 -4.033746e-02
-7.214498e-02 -4.144296e-02
-7.185073e-02 -4.254443e-02
-7.154847e-02 -4.364176e-02
-7.123823e-02 -4.473482e-02
-7.091999e-02 -4.582350e-02
-7.059377e-02 -4.690768e-02
-7.025956e-02 -4.798723e-02
-6.991736e-02 -4.906203e-02
-6.956718e-02 -5.013196e-02
-6.920901e-02 -5.119690e-02
-6.884285e-02 -5.225672e-02
-6.846871e-02 -5.331130e-02
-6.808659e-02 -5.436052e-02
-6.769647e-02 -5.540424e-02
-6.729837e-02 -5.644234e-02
-6.689227e-02 -5.747471e-02
-6.647818e-02 -5.850120e-02
-6.605609e-02 -5.952169e-02
-6.562600e-02 -6.053605e-02
-6.518791e-02 -6.154416e-02
-6.474180e-02 -6.254588e-02
-6.428768e-02 -6.354108e-02
-6.382554e-02 -6.452964e-02
-6.335538e-02 -6.551142e-02
-6.287718e-02 -6.648628e-02
-6.239095e-02 -6.745411e-02
-6.189667e-02 -6.841475e-02
-6.139434e-02 -6.936809e-02
-6.088395e-02 -7.031398e-02
-6.036549e-02 -7.125229e-02
-5.983895e-02 -7.218288e-02
-5.930433e-02 -7.310562e-02
-5.876161e-02 -7.402038e-02
-5.821079e-02 -7.492701e-02
-5.765186e-02 -7.582537e-02
-5.708480e-02 -7.671534e-02
-5.650961e-02 -7.759676e-02
-5.592627e-02 -7.846951e-02
-5.533478e-02 -7.933344e-02
-5.473513e-02 -8.018841e-02
-5.412730e-02 -8.103429e-02
-5.351129e-02 -8.187092e-02
-5.288709e-02 -8.269818e-02
-5.225468e-02 -8.351592e-02
-5.161405e-02 -8.432399e-02
-5.096521e-02 -8.512226e-02
-5.030813e-02 -8.591058e-02
-4.964280e-02 -8.668882e-02
-4.896923e-02 -8.745682e-02
-4.828740e-02 -8.821445e-02
-4.759730e-02 -8.896156e-02
-4.689893e-02 -8.969802e-02
-4.619228e-02 -9.042367e-02
-4.547735e-02 -9.113837e-02
-4.475413e-02 -9.184199e-02
-4.402261e-02 -9.253437e-02
-4.328280e-02 -9.321538e-02
-4.253469e-02 -9.388486e-02
-4.177828e-02 -9.454269e-02
-4.101358e-02 -9.518872e-02
-4.024058e-02 -9.582280e-02
-3.945928e-02 -9.644479e-02
-3.866970e-02 -9.705454e-02
-3.787184e-02 -9.765193e-02
-3.706571e-02 -9.823681e-02
-3.625131e-02 -9.880903e-02
-3.542866e-02 -9.936845e-02
-3.459777e-02 -9.991495e-02
-3.375866e-02 -1.004484e-01
-3.291134e-02 -1.009686e-01
-3.205583e-02 -1.014754e-01
-3.119216e-02 -1.019688e-01
-3.032035e-02 -1.024485e-01
-2.944042e-02 -1.029145e-01
-2.855241e-02 -1.033666e-01
-2.765635e-02 -1.038047e-01
-2.675227e-02 -1.042286e-01
-2.584021e-02 -1.046382e-01
-2.492020e-02 -1.050334e-01
-2.399230e-02 -1.054140e-01
-2.305655e-02 -1.057800e-01
-2.211300e-02 -1.061311e-01
-2.116170e-02 -1.064674e-01
-2.020271e-02 -1.067885e-01
-1.923609e-02 -1.070945e-01
-1.826189e-02 -1.073852e-01
-1.728020e-02 -1.076604e-01
-1.629107e-02 -1.079201e-01
-1.529459e-02 -1.081642e-01
-1.429082e-02 -1.083925e-01
-1.327986e-02 -1.086049e-01
-1.226179e-02 -1.088013e-01
-1.123670e-02 -1.089816e-01
-1.020468e-02 -1.091457e-01
-9.165828e-03 -1.092934e-01
-8.120256e-03 -1.094248e-01
-7.068066e-03 -1.095396e-01
-6.009369e-03 -1.096378e-01
-4.944283e-03 -1.097193e-01
-3.872927e-03 -1.097840e-01
-2.795426e-03 -1.098318e-01
-1.711911e-03 -1.098626e-01
-6.225156e-04 -1.098763e-01
4.726208e-04 -1.098728e-01
1.573354e-03 -1.098522e-01
2.679536e-03 -1.098142e-01
3.791013e-03 -1.097588e-01
4.907627e-03 -1.096859e-01
6.029215e-03 -1.095956e-01
7.155609e-03 -1.094876e-01
8.286635e-03 -1.093619e-01
9.422117e-03 -1.092186e-01
1.056187e-02 -1.090574e-01
1.170571e-02 -1.088785e-01
1.285344e-02 -1.086816e-01
1.400487e-02 -1.084668e-01
1.515979e-02 -1.082341e-01
1.631800e-02 -1.079833e-01
1.747928e-02 -1.077145e-01
1.864342e-02 -1.074276e-01
1.981019e-02 -1.071226e-01
2.097938e-02 -1.067995e-01
2.215075e-02 -1.064582e-01
2.332406e-02 -1.060987e-01
2.449907e-02 -1.057211e-01
2.567554e-02 -1.053252e-01
2.685323e-02 -1.049112e-01
2.803187e-02 -1.044789e-01
2.921121e-02 -1.040285e-01
3.039099e-02 -1.035599e-01
3.157093e-02 -1.030731e-01
3.275078e-02 -1.025681e-01
3.393026e-02 -1.020450e-01
3.510908e-02 -1.015038e-01
3.628696e-02 -1.009444e-01
3.746363e-02 -1.003670e-01
3.863879e-02 -9.977163e-02
3.981214e-02 -9.915824e-02
4.098339e-02 -9.852691e-02
4.215225e-02 -9.787770e-02
4.331840e-02 -9.721066e-02
4.448154e-02 -9.652585e-02
4.564137e-02 -9.582334e-02
4.679757e-02 -9.510318e-02
4.794982e-02 -9.436547e-02
4.909782e-02 -9.361027e-02
5.024124e-02 -9.283767e-02
5.137976e-02 -9.204775e-02
5.251305e-02 -9.124062e-02
5.364080e-02 -9.041635e-02
5.476268e-02 -8.957506e-02
5.587836e-02 -8.871686e-02
5.698750e-02 -8.784185e-02
5.808978e-02 -8.695015e-02
5.918487e-02 -8.604187e-02
6.027243e-02 -8.511716e-02
6.135214e-02 -8.417612e-02
6.242365e-02 -8.321891e-02
6.348663e-02 -8.224565e-02
6.454076e-02 -8.125650e-02
6.558569e-02 -8.025160e-02
6.662109e-02 -7.923110e-02
6.764663e-02 -7.819516e-02
6.866198e-02 -7.714395e-02
6.966681e-02 -7.607763e-02
7.066078e-02 -7.499638e-02
7.164357e-02 -7.390036e-02
7.261484e-02 -7.278976e-02
7.357428e-02 -7.166477e-02
7.452156e-02 -7.052558e-02
7.545635e-02 -6.937237e-02
7.637834e-02 -6.820535e-02
7.728721e-02 -6.702472e-02
7.818265e-02 -6.583068e-02
7.906434e-02 -6.462345e-02
7.993197e-02 -6.340325e-02
8.078524e-02 -6.217028e-02
8.162385e-02 -6.092478e-02
8.244750e-02 -5.966698e-02
8.325589e-02 -5.839710e-02
8.404874e-02 -5.711537e-02
8.482575e-02 -5.582205e-02
8.558666e-02 -5.451737e-02
8.633117e-02 -5.320157e-02
8.705901e-02 -5.187491e-02
8.776993e-02 -5.053765e-02
8.846365e-02 -4.919003e-02
8.913993e-02 -4.783232e-02
8.979850e-02 -4.646479e-02
9.043913e-02 -4.508769e-02
9.106157e-02 -4.370131e-02
9.166559e-02 -4.230591e-02
9.225096e-02 -4.090177e-02
9.281746e-02 -3.948917e-02
9.336488e-02 -3.806839e-02
9.389301e-02 -3.663972e-02
9.440164e-02 -3.520345e-02
9.489058e-02 -3.375986e-02
9.535965e-02 -3.230925e-02
9.580866e-02 -3.085191e-02
9.623744e-02 -2.938814e-02
9.664583e-02 -2.791824e-02
9.703366e-02 -2.644251e-02
9.740079e-02 -2.496126e-02
9.774708e-02 -2.347479e-02
9.807238e-02 -2.198340e-02
9.837658e-02 -2.048741e-02
9.865954e-02 -1.898713e-02
9.892118e-02 -1.748287e-02
9.916137e-02 -1.597494e-02
9.938003e-02 -1.446366e-02
9.957706e-02 -1.294934e-02
9.975240e-02 -1.143230e-02
9.990598e-02 -9.912859e-03
1.000377e-01 -8.391335e-03
1.001476e-01 -6.868045e-03
1.002355e-01 -5.343312e-03
1.003015e-01 -3.817455e-03
1.003455e-01 -2.290794e-03
1.003676e-01 -7.636516e-04
1.003676e-01 7.636516e-04
1.003455e-01 2.290794e-03
1.003015e-01 3.817455e-03
1.002355e-01 5.343312e-03
1.001476e-01 6.868045e-03
1.000377e-01 8.391335e-03
9.990598e-02 9.912859e-03
9.975240e-02 1.143230e-02
9.957706e-02 1.294934e-02
9.938003e-02 1.446366e-02
9.916137e-02 1.597494e-02
9.892118e-02 1.748287e-02
9.865954e-02 1.898713e-02
9.837658e-02 2.048741e-02
9.807238e-02 2.198340e-02
9.774708e-02 2.347479e-02
9.740079e-02 2.496126e-02
9.703366e-02 2.644251e-02
9.664583e-02 2.791824e-02
9.623744e-02 2.938814e-02
9.580866e-02 3.085191e-02
9.535965e-02 3.230925e-02
9.489058e-02 3.375986e-02
9.440164e-02 3.520345e-02
9.389301e-02 3.663972e-02
9.336488e-02 3.806839e-02
9.281746e-02 3.948917e-02
9.225096e-02 4.090177e-02
9.166559e-02 4.230591e-02
9.106157e-02 4.370131e-02
9.043913e-02 4.508769e-02
8.979850e-02 4.646479e-02
8.913993e-02 4.783232e-02
8.846365e-02 4.919003e-02
8.776993e-02 5.053765e-02
8.705901e-02 5.187491e-02
8.633117e-02 5.320157e-02
8.558666e-02 5.451737e-02
8.482575e-02 5.582205e-02
8.404874e-02 5.711537e-02
8.325589e-02 5.839710e-02
8.244750e-02 5.966698e-02
8.162385e-02 6.092478e-02
8.078524e-02 6.217028e-02
7.993197e-02 6.340325e-02
7.906434e-02 6.462345e-02
7.818265e-02 6.583068e-02
7.728721e-02 6.702472e-02
7.637834e-02 6.820535e-02
7.545635e-02 6.937237e-02
7.452156e-02 7.052558e-02
7.357428e-02 7.166477e-02
7.261484e-02 7.278976e-02
7.164357e-02 7.390036e-02
7.066078e-02 7.499638e-02
6.966681e-02 7.607763e-02
6.866198e-02 7.714395e-02
6.764663e-02 7.819516e-02
6.662109e-02 7.923110e-02
6.558569e-02 8.025160e-02
6.454076e-02 8.125650e-02
6.348663e-02 8.224565e-02
6.242365e-02 8.321891e-02
6.135214e-02 8.417612e-02
6.027243e-02 8.511716e-02
5.918487e-02 8.604187e-02
5.808978e-02 8.695015e-02
5.698750e-02 8.784185e-02
5.587836e-02 8.871686e-02
5.476268e-02 8.957506e-02
5.364080e-02 9.041635e-02
5.251305e-02 9.124062e-02
5.137976e-02 9.204775e-02
5.024124e-02 9.283767e-02
4.909782e-02 9.361027e-02
4.794982e-02 9.436547e-02
4.679757e-02 9.510318e-02
4.564137e-02 9.582334e-02
4.448154e-02 9.652585e-02
4.331840e-02 9.721066e-02
4.215225e-02 9.787770e-02
4.098339e-02 9.852691e-02
3.981214e-02 9.915824e-02
3.863879e-02 9.977163e-02
3.746363e-02 1.003670e-01
3.628696e-02 1.009444e-01
3.510908e-02 1.015038e-01
3.393026e-02 1.020450e-01
3.275078e-02 1.025681e-01
3.157093e-02 1.030731e-01
3.039099e-02 1.035599e-01
2.921121e-02 1.040285e-01
2.803187e-02 1.044789e-01
2.685323e-02 1.049112e-01
2.567554e-02 1.053252e-01
2.449907e-02 1.057211e-01
2.332406e-02 1.060987e-01
2.215075e-02 1.064582e-01
2.097938e-02 1.067995e-01
1.981019e-02 1.071226e-01
1.864342e-02 1.074276e-01
1.747928e-02 1.077145e-01
1.631800e-02 1.079833e-01
1.515979e-02 1.082341e-01
1.400487e-02 1.084668e-01
1.285344e-02 1.086816e-01
1.170571e-02 1.088785e-01
1.056187e-02 1.090574e-01
9.422117e-03 1.092186e-01
8.286635e-03 1.093619e-01
7.155609e-03 1.094876e-01
6.029215e-03 1.095956e-01
4.907627e-03 1.096859e-01
3.791013e-03 1.097588e-01
2.679536e-03 1.098142e-01
1.573354e-03 1.098522e-01
4.726208e-04 1.098728e-01
-6.225156e-04 1.098763e-01
-1.711911e-03 1.098626e-01
-2.795426e-03 1.098318e-01
-3.872927e-03 1.097840e-01
-4.944283e-03 1.097193e-01
-6.009369e-03 1.096378e-01
-7.068066e-03 1.095396e-01
-8.120256e-03 1.094248e-01
-9.165828e-03 1.092934e-01
-1.020468e-02 1.091457e-01
-1.123670e-02 1.089816e-01
-1.226179e-02 1.088013e-01
-1.327986e-02 1.086049e-01
-1.429082e-02 1.083925e-01
-1.529459e-02 1.081642e-01
-1.629107e-02 1.079201e-01
-1.728020e-02 1.076604e-01
-1.826189e-02 1.073852e-01
-1.923609e-02 1.070945e-01
-2.020271e-02 1.067885e-01
-2.116170e-02 1.064674e-01
-2.211300e-02 1.061311e-01
-2.305655e-02 1.057800e-01
-2.399230e-02 1.054140e-01
-2.492020e-02 1.050334e-01
-2.584021e-02 1.046382e-01
-2.675227e-02 1.042286e-01
-2.765635e-02 1.038047e-01
-2.855241e-02 1.033666e-01
-2.944042e-02 1.029145e-01
-3.032035e-02 1.024485e-01
-3.119216e-02 1.019688e-01
-3.205583e-02 1.014754e-01
-3.291134e-02 1.009686e-01
-3.375866e-02 1.004484e-01
-3.459777e-02 9.991495e-02
-3.542866e-02 9.936845e-02
-3.625131e-02 9.880903e-02
-3.706571e-02 9.823681e-02
-3.787184e-02 9.765193e-02
-3.866970e-02 9.705454e-02
-3.945928e-02 9.644479e-02
-4.024058e-02 9.582280e-02
-4.101358e-02 9.518872e-02
-4.177828e-02 9.454269e-02
-4.253469e-02 9.388486e-02
-4.328280e-02 9.321538e-02
-4.402261e-02 9.253437e-02
-4.475413e-02 9.184199e-02
-4.547735e-02 9.113837e-02
-4.619228e-02 9.042367e-02
-4.689893e-02 8.969802e-02
-4.759730e-02 8.896156e-02
-4.828740e-02 8.821445e-02
-4.896923e-02 8.745682e-02
-4.964280e-02 8.668882e-02
-5.030813e-02 8.591058e-02
-5.096521e-02 8.512226e-02
-5.161405e-02 8.432399e-02
-5.225468e-02 8.351592e-02
-5.288709e-02 8.269818e-02
-5.351129e-02 8.187092e-02
-5.412730e-02 8.103429e-02
-5.473513e-02 8.018841e-02
-5.533478e-02 7.933344e-02
-5.592627e-02 7.846951e-02
-5.650961e-02 7.759676e-02
-5.708480e-02 7.671534e-02
-5.765186e-02 7.582537e-02
-5.821079e-02 7.492701e-02
-5.876161e-02 7.402038e-02
-5.930433e-02 7.310562e-02
-5.983895e-02 7.218288e-02
-6.036549e-02 7.125229e-02
-6.088395e-02 7.031398e-02
-6.139434e-02 6.936809e-02
-6.189667e-02 6.841475e-02
-6.239095e-02 6.745411e-02
-6.287718e-02 6.648628e-02
-6.335538e-02 6.551142e-02
-6.382554e-02 6.452964e-02
-6.428768e-02 6.354108e-02
-6.474180e-02 6.254588e-02
-6.518791e-02 6.154416e-02
-6.562600e-02 6.053605e-02
-6.605609e-02 5.952169e-02
-6.647818e-02 5.850120e-02
-6.689227e-02 5.747471e-02
-6.729837e-02 5.644234e-02
-6.769647e-02 5.540424e-02
-6.808659e-02 5.436052e-02
-6.846871e-02 5.331130e-02
-6.884285e-02 5.225672e-02
-6.920901e-02 5.119690e-02
-6.956718e-02 5.013196e-02
-6.991736e-02 4.906203e-02
-7.025956e-02 4.798723e-02
-7.059377e-02 4.690768e-02
-7.091999e-02 4.582350e-02
-7.123823e-02 4.473482e-02
-7.154847e-02 4.364176e-02
-7.185073e-02 4.254443e-02
-7.214498e-02 4.144296e-02
-7.243124e-02 4.033746e-02
-7.270950e-02 3.922805e-02
-7.297976e-02 3.811486e-02
-7.324201e-02 3.699799e-02
-7.349625e-02 3.587757e-02
-7.374247e-02 3.475371e-02
-7.398068e-02 3.362653e-02
-7.421087e-02 3.249614e-02
-7.443303e-02 3.136266e-02
-7.464716e-02 3.022621e-02
-7.485325e-02 2.908689e-02
-7.505131e-02 2.794482e-02
-7.524133e-02 2.680011e-02
-7.542329e-02 2.565288e-02
-7.559721e-02 2.450324e-02
-7.576307e-02 2.335131e-02
-7.592087e-02 2.219718e-02
-7.607061e-02 2.104098e-02
-7.621228e-02 1.988282e-02
-7.634587e-02 1.872280e-02
-7.647139e-02 1.756104e-02
-7.658883e-02 1.639765e-02
-7.669819e-02 1.523274e-02
-7.679946e-02 1.406641e-02
-7.689264e-02 1.289878e-02
-7.697773e-02 1.172996e-02
-7.705473e-02 1.056005e-02
-7.712362e-02 9.389165e-03
-7.718442e-02 8.217414e-03
-7.723712e-02 7.044905e-03
-7.728171e-02 5.871746e-03
-7.731819e-02 4.698046e-03
-7.734657e-02 3.523913e-03
-7.736684e-02 2.349456e-03
-7.737900e-02 1.174782e-03
-7.738306e-02 1.174782e-03
-7.738306e-02 1.174782e-03
