-7.411766e-02 -2.939624e-03
-7.403112e-02 -4.409634e-03
-7.391010e-02 -5.879875e-03
-7.375475e-02 -7.350415e-03
-7.356525e-02 -8.821310e-03
-7.334182e-02 -1.029261e-02
-7.308472e-02 -1.176435e-02
-7.279425e-02 -1.323654e-02
-7.247071e-02 -1.470920e-02
-7.211448e-02 -1.618231e-02
-7.172591e-02 -1.765583e-02
-7.130543e-02 -1.912972e-02
-7.085346e-02 -2.060389e-02
-7.037043e-02 -2.207824e-02
-6.985682e-02 -2.355267e-02
-6.931308e-02 -2.502702e-02
-6.873970e-02 -2.650111e-02
-6.813716e-02 -2.797477e-02
-6.750594e-02 -2.944776e-02
-6.684653e-02 -3.091985e-02
-6.615940e-02 -3.239077e-02
-6.544500e-02 -3.386022e-02
-6.470380e-02 -3.532791e-02
-6.393621e-02 -3.679349e-02
-6.314266e-02 -3.825661e-02
-6.232354e-02 -3.971690e-02
-6.147919e-02 -4.117398e-02
-6.060996e-02 -4.262743e-02
-5.971614e-02 -4.407683e-02
-5.879799e-02 -4.552177e-02
-5.785575e-02 -4.696180e-02
-5.688960e-02 -4.839646e-02
-5.589969e-02 -4.982530e-02
-5.488612e-02 -5.124787e-02
-5.384895e-02 -5.266369e-02
-5.278821e-02 -5.407230e-02
-5.170388e-02 -5.547323e-02
-5.059588e-02 -5.686602e-02
-4.946410e-02 -5.825021e-02
-4.830840e-02 -5.962533e-02
-4.712858e-02 -6.099093e-02
-4.592441e-02 -6.234655e-02
-4.469561e-02 -6.369176e-02
-4.344190e-02 -6.502610e-02
-4.216292e-02 -6.634914e-02
-4.085831e-02 -6.766045e-02
-3.952769e-02 -6.895957e-02
-3.817065e-02 -7.024609e-02
-3.678674e-02 -7.151956e-02
-3.537554e-02 -7.277954e-02
-3.393658e-02 -7.402559e-02
-3.246942e-02 -7.525723e-02
-3.097360e-02 -7.647399e-02
-2.944868e-02 -7.767539e-02
-2.789422e-02 -7.886089e-02
-2.630980e-02 -8.002996e-02
-2.469505e-02 -8.118202e-02
-2.304959e-02 -8.231645e-02
-2.137311e-02 -8.343258e-02
-1.966532e-02 -8.452969e-02
-1.792599e-02 -8.560702e-02
-1.615496e-02 -8.666373e-02
-1.435209e-02 -8.769890e-02
-1.251735e-02 -8.871156e-02
-1.065075e-02 -8.970061e-02
-8.752398e-03 -9.066490e-02
-6.822484e-03 -9.160315e-02
-4.861281e-03 -9.251399e-02
-2.869157e-03 -9.339593e-02
-8.465820e-04 -9.424736e-02
1.205873e-03 -9.506653e-02
3.287530e-03 -9.585157e-02
5.397599e-03 -9.660047e-02
7.535178e-03 -9.731106e-02
9.699245e-03 -9.798105e-02
1.188866e-02 -9.860797e-02
1.410217e-02 -9.918921e-02
1.633838e-02 -9.972200e-02
1.859579e-02 -1.002034e-01
2.087278e-02 -1.006304e-01
2.316759e-02 -1.009997e-01
2.547834e-02 -1.013079e-01
2.780304e-02 -1.015515e-01
3.013957e-02 -1.017269e-01
3.248571e-02 -1.018302e-01
3.483909e-02 -1.018576e-01
3.719728e-02 -1.018051e-01
3.955770e-02 -1.016685e-01
4.191769e-02 -1.014438e-01
4.427449e-02 -1.011267e-01
4.662525e-02 -1.007129e-01
4.896702e-02 -1.001984e-01
5.129681e-02 -9.957875e-02
5.361151e-02 -9.884996e-02
5.590798e-02 -9.800791e-02
5.818302e-02 -9.704868e-02
6.043338e-02 -9.596847e-02
6.265575e-02 -9.476369e-02
6.484683e-02 -9.343096e-02
6.700327e-02 -9.196719e-02
6.912173e-02 -9.036957e-02
7.119884e-02 -8.863565e-02
7.323126e-02 -8.676336e-02
7.521567e-02 -8.475104e-02
7.714878e-02 -8.259750e-02
7.902731e-02 -8.030205e-02
8.084806e-02 -7.786450e-02
8.260787e-02 -7.528525e-02
8.430367e-02 -7.256526e-02
8.593245e-02 -6.970610e-02
8.749129e-02 -6.670998e-02
8.897737e-02 -6.357975e-02
9.038798e-02 -6.031889e-02
9.172051e-02 -5.693158e-02
9.297250e-02 -5.342261e-02
9.414161e-02 -4.979744e-02
9.522563e-02 -4.606218e-02
9.622251e-02 -4.222352e-02
9.713035e-02 -3.828878e-02
9.794740e-02 -3.426581e-02
9.867211e-02 -3.016300e-02
9.930307e-02 -2.598921e-02
9.983905e-02 -2.175374e-02
1.002790e-01 -1.746627e-02
1.006221e-01 -1.313681e-02
1.008676e-01 -8.775606e-03
1.010152e-01 -4.393137e-03
1.010644e-01 0.000000e+00
1.010152e-01 4.393137e-03
1.008676e-01 8.775606e-03
1.006221e-01 1.313681e-02
1.002790e-01 1.746627e-02
9.983905e-02 2.175374e-02
9.930307e-02 2.598921e-02
9.867211e-02 3.016300e-02
9.794740e-02 3.426581e-02
9.713035e-02 3.828878e-02
9.622251e-02 4.222352e-02
9.522563e-02 4.606218e-02
9.414161e-02 4.979744e-02
9.297250e-02 5.342261e-02
9.172051e-02 5.693158e-02
9.038798e-02 6.031889e-02
8.897737e-02 6.357975e-02
8.749129e-02 6.670998e-02
8.593245e-02 6.970610e-02
8.430367e-02 7.256526e-02
8.260787e-02 7.528525e-02
8.084806e-02 7.786450e-02
7.902731e-02 8.030205e-02
7.714878e-02 8.259750e-02
7.521567e-02 8.475104e-02
7.323126e-02 8.676336e-02
7.119884e-02 8.863565e-02
6.912173e-02 9.036957e-02
6.700327e-02 9.196719e-02
6.484683e-02 9.343096e-02
6.265575e-02 9.476369e-02
6.043338e-02 9.596847e-02
5.818302e-02 9.704868e-02
5.590798e-02 9.800791e-02
5.361151e-02 9.884996e-02
5.129681e-02 9.957875e-02
4.896702e-02 1.001984e-01
4.662525e-02 1.007129e-01
4.427449e-02 1.011267e-01
4.191769e-02 1.014438e-01
3.955770e-02 1.016685e-01
3.719728e-02 1.018051e-01
3.483909e-02 1.018576e-01
3.248571e-02 1.018302e-01
3.013957e-02 1.017269e-01
2.780304e-02 1.015515e-01
2.547834e-02 1.013079e-01
2.316759e-02 1.009997e-01
2.087278e-02 1.006304e-01
1.859579e-02 1.002034e-01
1.633838e-02 9.972200e-02
1.410217e-02 9.918921e-02
1.188866e-02 9.860797e-02
9.699245e-03 9.798105e-02
7.535178e-03 9.731106e-02
5.397599e-03 9.660047e-02
3.287530e-03 9.585157e-02
1.205873e-03 9.506653e-02
-8.465820e-04 9.424736e-02
-2.869157e-03 9.339593e-02
-4.861281e-03 9.251399e-02
-6.822484e-03 9.160315e-02
-8.752398e-03 9.066490e-02
-1.065075e-02 8.970061e-02
-1.251735e-02 8.871156e-02
-1.435209e-02 8.769890e-02
-1.615496e-02 8.666373e-02
-1.792599e-02 8.560702e-02
-1.966532e-02 8.452969e-02
-2.137311e-02 8.343258e-02
-2.304959e-02 8.231645e-02
-2.469505e-02 8.118202e-02
-2.630980e-02 8.002996e-02
-2.789422e-02 7.886089e-02
-2.944868e-02 7.767539e-02
-3.097360e-02 7.647399e-02
-3.246942e-02 7.525723e-02
-3.393658e-02 7.402559e-02
-3.537554e-02 7.277954e-02
-3.678674e-02 7.151956e-02
-3.817065e-02 7.024609e-02
-3.952769e-02 6.895957e-02
-4.085831e-02 6.766045e-02
-4.216292e-02 6.634914e-02
-4.344190e-02 6.502610e-02
-4.469561e-02 6.369176e-02
-4.592441e-02 6.234655e-02
-4.712858e-02 6.099093e-02
-4.830840e-02 5.962533e-02
-4.946410e-02 5.825021e-02
-5.059588e-02 5.686602e-02
-5.170388e-02 5.547323e-02
-5.278821e-02 5.407230e-02
-5.384895e-02 5.266369e-02
-5.488612e-02 5.124787e-02
-5.589969e-02 4.982530e-02
-5.688960e-02 4.839646e-02
-5.785575e-02 4.696180e-02
-5.879799e-02 4.552177e-02
-5.971614e-02 4.407683e-02
-6.060996e-02 4.262743e-02
-6.147919e-02 4.117398e-02
-6.232354e-02 3.971690e-02
-6.314266e-02 3.825661e-02
-6.393621e-02 3.679349e-02
-6.470380e-02 3.532791e-02
-6.544500e-02 3.386022e-02
-6.615940e-02 3.239077e-02
-6.684653e-02 3.091985e-02
-6.750594e-02 2.944776e-02
-6.813716e-02 2.797477e-02
-6.873970e-02 2.650111e-02
-6.931308e-02 2.502702e-02
-6.985682e-02 2.355267e-02
-7.037043e-02 2.207824e-02
-7.085346e-02 2.060389e-02
-7.130543e-02 1.912972e-02
-7.172591e-02 1.765583e-02
-7.211448e-02 1.618231e-02
-7.247071e-02 1.470920e-02
-7.279425e-02 1.323654e-02
-7.308472e-02 1.176435e-02
-7.334182e-02 1.029261e-02
-7.356525e-02 8.821310e-03
-7.375475e-02 7.350415e-03
-7.391010e-02 5.879875e-03
-7.403112e-02 4.409634e-03
-7.411766e-02 2.939624e-03
-7.416963e-02 1.469772e-03