-7.313396e-02 -1.149672e-02
-7.183507e-02 -1.725392e-02
-7.004710e-02 -2.301652e-02
-6.779638e-02 -2.877832e-02
-6.511139e-02 -3.452759e-02
-6.201940e-02 -4.024714e-02
-5.854340e-02 -4.591501e-02
-5.469929e-02 -5.150580e-02
-5.049397e-02 -5.699222e-02
-4.592441e-02 -6.234655e-02
-4.097798e-02 -6.754173e-02
-3.563417e-02 -7.255148e-02
-2.986748e-02 -7.734929e-02
-2.365151e-02 -8.190601e-02
-1.696391e-02 -8.618602e-02
-9.791788e-03 -9.014207e-02
-2.137171e-03 -9.370916e-02
5.977888e-03 -9.679816e-02
1.450711e-02 -9.928977e-02
2.337703e-02 -1.010303e-01
3.248571e-02 -1.018302e-01
4.170324e-02 -1.014680e-01
5.087424e-02 -9.969941e-02
5.982228e-02 -9.627528e-02
6.835599e-02 -9.096617e-02
7.627666e-02 -8.359394e-02
8.338681e-02 -7.406626e-02
8.949919e-02 -6.240889e-02
9.444578e-02 -4.878938e-02
9.808608e-02 -3.352553e-02
1.003142e-01 -1.707427e-02
1.010644e-01 0.000000e+00
1.003142e-01 1.707427e-02
9.808608e-02 3.352553e-02
9.444578e-02 4.878938e-02
8.949919e-02 6.240889e-02
8.338681e-02 7.406626e-02
7.627666e-02 8.359394e-02
6.835599e-02 9.096617e-02
5.982228e-02 9.627528e-02
5.087424e-02 9.969941e-02
4.170324e-02 1.014680e-01
3.248571e-02 1.018302e-01
2.337703e-02 1.010303e-01
1.450711e-02 9.928977e-02
5.977888e-03 9.679816e-02
-2.137171e-03 9.370916e-02
-9.791788e-03 9.014207e-02
-1.696391e-02 8.618602e-02
-2.365151e-02 8.190601e-02
-2.986748e-02 7.734929e-02
-3.563417e-02 7.255148e-02
-4.097798e-02 6.754173e-02
-4.592441e-02 6.234655e-02
-5.049397e-02 5.699222e-02
-5.469929e-02 5.150580e-02
-5.854340e-02 4.591501e-02
-6.201940e-02 4.024714e-02
-6.511139e-02 3.452759e-02
-6.779638e-02 2.877832e-02
-7.004710e-02 2.301652e-02
-7.183507e-02 1.725392e-02
-7.313396e-02 1.149672e-02
-7.392252e-02 5.746206e-03
-7.392252e-02 5.746206e-03
