-7.429552e-02 -2.349529e-18
-7.422494e-02 -9.417985e-04
-7.401353e-02 -1.883829e-03
-7.366230e-02 -2.826299e-03
-7.317286e-02 -3.769373e-03
-7.254742e-02 -4.713146e-03
-7.178872e-02 -5.657629e-03
-7.089991e-02 -6.602731e-03
-6.988449e-02 -7.548248e-03
-6.874621e-02 -8.493852e-03
-6.748893e-02 -9.439087e-03
-6.611651e-02 -1.038337e-02
-6.463272e-02 -1.132599e-02
-6.304109e-02 -1.226613e-02
-6.134480e-02 -1.320285e-02
-5.954663e-02 -1.413514e-02
-5.764879e-02 -1.506190e-02
-5.565294e-02 -1.598198e-02
-5.356005e-02 -1.689419e-02
-5.137045e-02 -1.779732e-02
-4.908374e-02 -1.869016e-02
-4.669887e-02 -1.957151e-02
-4.421415e-02 -2.044016e-02
-4.162730e-02 -2.129495e-02
-3.893556e-02 -2.213471e-02
-3.613581e-02 -2.295826e-02
-3.322466e-02 -2.376441e-02
-3.019864e-02 -2.455190e-02
-2.705436e-02 -2.531939e-02
-2.378867e-02 -2.606540e-02
-2.039889e-02 -2.678824e-02
-1.688297e-02 -2.748597e-02
-1.323970e-02 -2.815634e-02
-9.468930e-03 -2.879667e-02
-5.571717e-03 -2.940383e-02
-1.550535e-03 -2.997414e-02
2.590582e-03 -3.050331e-02
6.845895e-03 -3.098636e-02
1.120784e-02 -3.141755e-02
1.566696e-02 -3.179039e-02
2.021180e-02 -3.209759e-02
2.482894e-02 -3.233102e-02
2.950298e-02 -3.248181e-02
3.421656e-02 -3.254037e-02
3.895051e-02 -3.249651e-02
4.368388e-02 -3.233957e-02
4.839418e-02 -3.205864e-02
5.305750e-02 -3.164276e-02
5.764879e-02 -3.108124e-02
6.214206e-02 -3.036397e-02
6.651068e-02 -2.948179e-02
7.072765e-02 -2.842689e-02
7.476595e-02 -2.719323e-02
7.859882e-02 -2.577690e-02
8.220010e-02 -2.417655e-02
8.554457e-02 -2.239371e-02
8.860826e-02 -2.043307e-02
9.136876e-02 -1.830268e-02
9.380554e-02 -1.601402e-02
9.590017e-02 -1.358197e-02
9.763664e-02 -1.102468e-02
9.900151e-02 -8.363248e-03
9.998414e-02 -5.621317e-03
1.005768e-01 -2.824547e-03
1.007749e-01 0.000000e+00
1.005768e-01 2.824547e-03
9.998414e-02 5.621317e-03
9.900151e-02 8.363248e-03
9.763664e-02 1.102468e-02
9.590017e-02 1.358197e-02
9.380554e-02 1.601402e-02
9.136876e-02 1.830268e-02
8.860826e-02 2.043307e-02
8.554457e-02 2.239371e-02
8.220010e-02 2.417655e-02
7.859882e-02 2.577690e-02
7.476595e-02 2.719323e-02
7.072765e-02 2.842689e-02
6.651068e-02 2.948179e-02
6.214206e-02 3.036397e-02
5.764879e-02 3.108124e-02
5.305750e-02 3.164276e-02
4.839418e-02 3.205864e-02
4.368388e-02 3.233957e-02
3.895051e-02 3.249651e-02
3.421656e-02 3.254037e-02
2.950298e-02 3.248181e-02
2.482894e-02 3.233102e-02
2.021180e-02 3.209759e-02
1.566696e-02 3.179039e-02
1.120784e-02 3.141755e-02
6.845895e-03 3.098636e-02
2.590582e-03 3.050331e-02
-1.550535e-03 2.997414e-02
-5.571717e-03 2.940383e-02
-9.468930e-03 2.879667e-02
-1.323970e-02 2.815634e-02
-1.688297e-02 2.748597e-02
-2.039889e-02 2.678824e-02
-2.378867e-02 2.606540e-02
-2.705436e-02 2.531939e-02
-3.019864e-02 2.455190e-02
-3.322466e-02 2.376441e-02
-3.613581e-02 2.295826e-02
-3.893556e-02 2.213471e-02
-4.162730e-02 2.129495e-02
-4.421415e-02 2.044016e-02
-4.669887e-02 1.957151e-02
-4.908374e-02 1.869016e-02
-5.137045e-02 1.779732e-02
-5.356005e-02 1.689419e-02
-5.565294e-02 1.598198e-02
-5.764879e-02 1.506190e-02
-5.954663e-02 1.413514e-02
-6.134480e-02 1.320285e-02
-6.304109e-02 1.226613e-02
-6.463272e-02 1.132599e-02
-6.611651e-02 1.038337e-02
-6.748893e-02 9.439087e-03
-6.874621e-02 8.493852e-03
-6.988449e-02 7.548248e-03
-7.089991e-02 6.602731e-03
-7.178872e-02 5.657629e-03
-7.254742e-02 4.713146e-03
-7.317286e-02 3.769373e-03
-7.366230e-02 2.826299e-03
-7.401353e-02 1.883829e-03
-7.422494e-02 9.417985e-04
-7.429552e-02 2.349529e-18