-7.429552e-02 -2.349529e-18
-7.317286e-02 -3.769373e-03
-6.988449e-02 -7.548248e-03
-6.463272e-02 -1.132599e-02
-5.764879e-02 -1.506190e-02
-4.908374e-02 -1.869016e-02
-3.893556e-02 -2.213471e-02
-2.705436e-02 -2.531939e-02
-1.323970e-02 -2.815634e-02
2.590582e-03 -3.050331e-02
2.021180e-02 -3.209759e-02
3.895051e-02 -3.249651e-02
5.764879e-02 -3.108124e-02
7.476595e-02 -2.719323e-02
8.860826e-02 -2.043307e-02
9.763664e-02 -1.102468e-02
1.007749e-01 0.000000e+00
9.763664e-02 1.102468e-02
8.860826e-02 2.043307e-02
7.476595e-02 2.719323e-02
5.764879e-02 3.108124e-02
3.895051e-02 3.249651e-02
2.021180e-02 3.209759e-02
2.590582e-03 3.050331e-02
-1.323970e-02 2.815634e-02
-2.705436e-02 2.531939e-02
-3.893556e-02 2.213471e-02
-4.908374e-02 1.869016e-02
-5.764879e-02 1.506190e-02
-6.463272e-02 1.132599e-02
-6.988449e-02 7.548248e-03
-7.317286e-02 3.769373e-03
-7.429552e-02 2.349529e-18