-7.429552e-02 -2.349529e-18
-7.429524e-02 -5.885995e-05
-7.429441e-02 -1.177200e-04
-7.429303e-02 -1.765801e-04
-7.429110e-02 -2.354404e-04
-7.428862e-02 -2.943009e-04
-7.428559e-02 -3.531618e-04
-7.428200e-02 -4.120229e-04
-7.427787e-02 -4.708845e-04
-7.427318e-02 -5.297465e-04
-7.426794e-02 -5.886091e-04
-7.426215e-02 -6.474722e-04
-7.425581e-02 -7.063360e-04
-7.424892e-02 -7.652004e-04
-7.424147e-02 -8.240656e-04
-7.423348e-02 -8.829316e-04
-7.422494e-02 -9.417985e-04
-7.421584e-02 -1.000666e-03
-7.420620e-02 -1.059535e-03
-7.419600e-02 -1.118405e-03
-7.418526e-02 -1.177276e-03
-7.417397e-02 -1.236148e-03
-7.416212e-02 -1.295021e-03
-7.414973e-02 -1.353895e-03
-7.413679e-02 -1.412771e-03
-7.412330e-02 -1.471648e-03
-7.410926e-02 -1.530526e-03
-7.409468e-02 -1.589406e-03
-7.407954e-02 -1.648287e-03
-7.406386e-02 -1.707170e-03
-7.404763e-02 -1.766055e-03
-7.403085e-02 -1.824941e-03
-7.401353e-02 -1.883829e-03
-7.399566e-02 -1.942718e-03
-7.397725e-02 -2.001610e-03
-7.395828e-02 -2.060503e-03
-7.393878e-02 -2.119398e-03
-7.391873e-02 -2.178295e-03
-7.389813e-02 -2.237194e-03
-7.387699e-02 -2.296095e-03
-7.385530e-02 -2.354998e-03
-7.383308e-02 -2.413903e-03
-7.381031e-02 -2.472810e-03
-7.378699e-02 -2.531719e-03
-7.376314e-02 -2.590631e-03
-7.373874e-02 -2.649544e-03
-7.371380e-02 -2.708460e-03
-7.368832e-02 -2.767379e-03
-7.366230e-02 -2.826299e-03
-7.363573e-02 -2.885222e-03
-7.360863e-02 -2.944148e-03
-7.358099e-02 -3.003076e-03
-7.355282e-02 -3.062006e-03
-7.352410e-02 -3.120939e-03
-7.349485e-02 -3.179874e-03
-7.346505e-02 -3.238812e-03
-7.343473e-02 -3.297753e-03
-7.340386e-02 -3.356696e-03
-7.337246e-02 -3.415642e-03
-7.334053e-02 -3.474590e-03
-7.330806e-02 -3.533541e-03
-7.327506e-02 -3.592495e-03
-7.324152e-02 -3.651452e-03
-7.320746e-02 -3.710411e-03
-7.317286e-02 -3.769373e-03
-7.313773e-02 -3.828338e-03
-7.310206e-02 -3.887305e-03
-7.306587e-02 -3.946276e-03
-7.302915e-02 -4.005249e-03
-7.299190e-02 -4.064225e-03
-7.295412e-02 -4.123203e-03
-7.291581e-02 -4.182185e-03
-7.287698e-02 -4.241169e-03
-7.283762e-02 -4.300156e-03
-7.279773e-02 -4.359146e-03
-7.275732e-02 -4.418139e-03
-7.271639e-02 -4.477135e-03
-7.267493e-02 -4.536134e-03
-7.263295e-02 -4.595135e-03
-7.259045e-02 -4.654139e-03
-7.254742e-02 -4.713146e-03
-7.250388e-02 -4.772156e-03
-7.245981e-02 -4.831168e-03
-7.241523e-02 -4.890184e-03
-7.237012e-02 -4.949202e-03
-7.232450e-02 -5.008223e-03
-7.227836e-02 -5.067246e-03
-7.223171e-02 -5.126273e-03
-7.218454e-02 -5.185302e-03
-7.213686e-02 -5.244334e-03
-7.208866e-02 -5.303368e-03
-7.203995e-02 -5.362405e-03
-7.199072e-02 -5.421445e-03
-7.194099e-02 -5.480487e-03
-7.189074e-02 -5.539532e-03
-7.183998e-02 -5.598579e-03
-7.178872e-02 -5.657629e-03
-7.173694e-02 -5.716681e-03
-7.168466e-02 -5.775736e-03
-7.163188e-02 -5.834793e-03
-7.157858e-02 -5.893853e-03
-7.152478e-02 -5.952914e-03
-7.147048e-02 -6.011978e-03
-7.141567e-02 -6.071045e-03
-7.136036e-02 -6.130113e-03
-7.130455e-02 -6.189183e-03
-7.124824e-02 -6.248256e-03
-7.119143e-02 -6.307330e-03
-7.113412e-02 -6.366407e-03
-7.107631e-02 -6.425485e-03
-7.101801e-02 -6.484566e-03
-7.095921e-02 -6.543648e-03
-7.089991e-02 -6.602731e-03
-7.084012e-02 -6.661817e-03
-7.077983e-02 -6.720904e-03
-7.071905e-02 -6.779993e-03
-7.065778e-02 -6.839083e-03
-7.059602e-02 -6.898174e-03
-7.053377e-02 -6.957267e-03
-7.047103e-02 -7.016361e-03
-7.040780e-02 -7.075456e-03
-7.034408e-02 -7.134552e-03
-7.027988e-02 -7.193649e-03
-7.021519e-02 -7.252747e-03
-7.015001e-02 -7.311846e-03
-7.008436e-02 -7.370946e-03
-7.001822e-02 -7.430046e-03
-6.995159e-02 -7.489147e-03
-6.988449e-02 -7.548248e-03
-6.981691e-02 -7.607350e-03
-6.974885e-02 -7.666452e-03
-6.968031e-02 -7.725554e-03
-6.961129e-02 -7.784657e-03
-6.954180e-02 -7.843759e-03
-6.947183e-02 -7.902861e-03
-6.940139e-02 -7.961963e-03
-6.933047e-02 -8.021065e-03
-6.925908e-02 -8.080166e-03
-6.918722e-02 -8.139267e-03
-6.911489e-02 -8.198367e-03
-6.904209e-02 -8.257466e-03
-6.896882e-02 -8.316564e-03
-6.889508e-02 -8.375661e-03
-6.882088e-02 -8.434757e-03
-6.874621e-02 -8.493852e-03
-6.867108e-02 -8.552946e-03
-6.859548e-02 -8.612037e-03
-6.851942e-02 -8.671128e-03
-6.844290e-02 -8.730216e-03
-6.836591e-02 -8.789303e-03
-6.828847e-02 -8.848387e-03
-6.821056e-02 -8.907469e-03
-6.813220e-02 -8.966549e-03
-6.805338e-02 -9.025627e-03
-6.797411e-02 -9.084701e-03
-6.789438e-02 -9.143774e-03
-6.781419e-02 -9.202843e-03
-6.773355e-02 -9.261909e-03
-6.765246e-02 -9.320972e-03
-6.757092e-02 -9.380031e-03
-6.748893e-02 -9.439087e-03
-6.740649e-02 -9.498139e-03
-6.732359e-02 -9.557188e-03
-6.724026e-02 -9.616232e-03
-6.715647e-02 -9.675273e-03
-6.707224e-02 -9.734309e-03
-6.698756e-02 -9.793340e-03
-6.690244e-02 -9.852367e-03
-6.681687e-02 -9.911389e-03
-6.673087e-02 -9.970406e-03
-6.664442e-02 -1.002942e-02
-6.655753e-02 -1.008842e-02
-6.647020e-02 -1.014743e-02
-6.638244e-02 -1.020642e-02
-6.629423e-02 -1.026541e-02
-6.620559e-02 -1.032439e-02
-6.611651e-02 -1.038337e-02
-6.602700e-02 -1.044234e-02
-6.593706e-02 -1.050130e-02
-6.584668e-02 -1.056026e-02
-6.575586e-02 -1.061921e-02
-6.566462e-02 -1.067815e-02
-6.557295e-02 -1.073709e-02
-6.548084e-02 -1.079602e-02
-6.538831e-02 -1.085494e-02
-6.529535e-02 -1.091385e-02
-6.520197e-02 -1.097275e-02
-6.510815e-02 -1.103165e-02
-6.501391e-02 -1.109054e-02
-6.491925e-02 -1.114941e-02
-6.482416e-02 -1.120828e-02
-6.472865e-02 -1.126714e-02
-6.463272e-02 -1.132599e-02
-6.453637e-02 -1.138483e-02
-6.443960e-02 -1.144366e-02
-6.434240e-02 -1.150248e-02
-6.424479e-02 -1.156129e-02
-6.414676e-02 -1.162009e-02
-6.404832e-02 -1.167888e-02
-6.394946e-02 -1.173766e-02
-6.385018e-02 -1.179643e-02
-6.375048e-02 -1.185518e-02
-6.365038e-02 -1.191393e-02
-6.354986e-02 -1.197266e-02
-6.344893e-02 -1.203138e-02
-6.334758e-02 -1.209009e-02
-6.324583e-02 -1.214878e-02
-6.314366e-02 -1.220746e-02
-6.304109e-02 -1.226613e-02
-6.293811e-02 -1.232479e-02
-6.283471e-02 -1.238343e-02
-6.273092e-02 -1.244206e-02
-6.262671e-02 -1.250067e-02
-6.252210e-02 -1.255927e-02
-6.241709e-02 -1.261785e-02
-6.231167e-02 -1.267643e-02
-6.220584e-02 -1.273498e-02
-6.209962e-02 -1.279352e-02
-6.199299e-02 -1.285205e-02
-6.188596e-02 -1.291055e-02
-6.177853e-02 -1.296905e-02
-6.167070e-02 -1.302752e-02
-6.156246e-02 -1.308598e-02
-6.145383e-02 -1.314443e-02
-6.134480e-02 -1.320285e-02
-6.123538e-02 -1.326126e-02
-6.112555e-02 -1.331965e-02
-6.101533e-02 -1.337803e-02
-6.090472e-02 -1.343638e-02
-6.079370e-02 -1.349472e-02
-6.068230e-02 -1.355304e-02
-6.057049e-02 -1.361134e-02
-6.045830e-02 -1.366962e-02
-6.034571e-02 -1.372788e-02
-6.023273e-02 -1.378612e-02
-6.011936e-02 -1.384434e-02
-6.000559e-02 -1.390254e-02
-5.989144e-02 -1.396072e-02
-5.977689e-02 -1.401888e-02
-5.966195e-02 -1.407702e-02
-5.954663e-02 -1.413514e-02
-5.943091e-02 -1.419324e-02
-5.931481e-02 -1.425131e-02
-5.919832e-02 -1.430936e-02
-5.908144e-02 -1.436739e-02
-5.896417e-02 -1.442540e-02
-5.884652e-02 -1.448338e-02
-5.872848e-02 -1.454134e-02
-5.861005e-02 -1.459928e-02
-5.849124e-02 -1.465720e-02
-5.837204e-02 -1.471508e-02
-5.825246e-02 -1.477295e-02
-5.813249e-02 -1.483079e-02
-5.801214e-02 -1.488861e-02
-5.789141e-02 -1.494640e-02
-5.777029e-02 -1.500416e-02
-5.764879e-02 -1.506190e-02
-5.752691e-02 -1.511961e-02
-5.740464e-02 -1.517730e-02
-5.728200e-02 -1.523496e-02
-5.715897e-02 -1.529259e-02
-5.703556e-02 -1.535020e-02
-5.691177e-02 -1.540777e-02
-5.678759e-02 -1.546532e-02
-5.666304e-02 -1.552285e-02
-5.653811e-02 -1.558034e-02
-5.641279e-02 -1.563780e-02
-5.628710e-02 -1.569524e-02
-5.616102e-02 -1.575265e-02
-5.603457e-02 -1.581002e-02
-5.590774e-02 -1.586737e-02
-5.578053e-02 -1.592469e-02
-5.565294e-02 -1.598198e-02
-5.552497e-02 -1.603923e-02
-5.539662e-02 -1.609646e-02
-5.526789e-02 -1.615365e-02
-5.513879e-02 -1.621081e-02
-5.500931e-02 -1.626794e-02
-5.487944e-02 -1.632504e-02
-5.474920e-02 -1.638211e-02
-5.461859e-02 -1.643914e-02
-5.448759e-02 -1.649614e-02
-5.435622e-02 -1.655311e-02
-5.422447e-02 -1.661004e-02
-5.409234e-02 -1.666694e-02
-5.395983e-02 -1.672380e-02
-5.382695e-02 -1.678063e-02
-5.369369e-02 -1.683743e-02
-5.356005e-02 -1.689419e-02
-5.342604e-02 -1.695091e-02
-5.329164e-02 -1.700760e-02
-5.315687e-02 -1.706425e-02
-5.302172e-02 -1.712087e-02
-5.288619e-02 -1.717745e-02
-5.275029e-02 -1.723399e-02
-5.261401e-02 -1.729049e-02
-5.247735e-02 -1.734696e-02
-5.234031e-02 -1.740339e-02
-5.220289e-02 -1.745978e-02
-5.206510e-02 -1.751614e-02
-5.192692e-02 -1.757245e-02
-5.178837e-02 -1.762873e-02
-5.164944e-02 -1.768496e-02
-5.151013e-02 -1.774116e-02
-5.137045e-02 -1.779732e-02
-5.123038e-02 -1.785343e-02
-5.108993e-02 -1.790951e-02
-5.094911e-02 -1.796555e-02
-5.080790e-02 -1.802154e-02
-5.066632e-02 -1.807749e-02
-5.052435e-02 -1.813340e-02
-5.038201e-02 -1.818927e-02
-5.023928e-02 -1.824510e-02
-5.009617e-02 -1.830089e-02
-4.995268e-02 -1.835663e-02
-4.980882e-02 -1.841233e-02
-4.966456e-02 -1.846798e-02
-4.951993e-02 -1.852359e-02
-4.937492e-02 -1.857916e-02
-4.922952e-02 -1.863468e-02
-4.908374e-02 -1.869016e-02
-4.893757e-02 -1.874559e-02
-4.879103e-02 -1.880098e-02
-4.864409e-02 -1.885632e-02
-4.849678e-02 -1.891162e-02
-4.834908e-02 -1.896687e-02
-4.820099e-02 -1.902208e-02
-4.805252e-02 -1.907723e-02
-4.790366e-02 -1.913235e-02
-4.775442e-02 -1.918741e-02
-4.760479e-02 -1.924242e-02
-4.745478e-02 -1.929739e-02
-4.730437e-02 -1.935231e-02
-4.715358e-02 -1.940718e-02
-4.700240e-02 -1.946201e-02
-4.685083e-02 -1.951678e-02
-4.669887e-02 -1.957151e-02
-4.654652e-02 -1.962618e-02
-4.639378e-02 -1.968081e-02
-4.624065e-02 -1.973538e-02
-4.608713e-02 -1.978991e-02
-4.593322e-02 -1.984438e-02
-4.577891e-02 -1.989880e-02
-4.562421e-02 -1.995317e-02
-4.546912e-02 -2.000749e-02
-4.531363e-02 -2.006176e-02
-4.515775e-02 -2.011598e-02
-4.500148e-02 -2.017014e-02
-4.484480e-02 -2.022425e-02
-4.468773e-02 -2.027831e-02
-4.453027e-02 -2.033232e-02
-4.437241e-02 -2.038627e-02
-4.421415e-02 -2.044016e-02
-4.405549e-02 -2.049401e-02
-4.389643e-02 -2.054779e-02
-4.373697e-02 -2.060153e-02
-4.357711e-02 -2.065521e-02
-4.341685e-02 -2.070883e-02
-4.325618e-02 -2.076240e-02
-4.309512e-02 -2.081591e-02
-4.293365e-02 -2.086937e-02
-4.277178e-02 -2.092276e-02
-4.260950e-02 -2.097611e-02
-4.244682e-02 -2.102939e-02
-4.228373e-02 -2.108262e-02
-4.212023e-02 -2.113579e-02
-4.195633e-02 -2.118890e-02
-4.179202e-02 -2.124196e-02
-4.162730e-02 -2.129495e-02
-4.146217e-02 -2.134789e-02
-4.129663e-02 -2.140077e-02
-4.113068e-02 -2.145359e-02
-4.096431e-02 -2.150635e-02
-4.079754e-02 -2.155905e-02
-4.063035e-02 -2.161169e-02
-4.046275e-02 -2.166427e-02
-4.029473e-02 -2.171678e-02
-4.012630e-02 -2.176924e-02
-3.995745e-02 -2.182164e-02
-3.978818e-02 -2.187397e-02
-3.961850e-02 -2.192624e-02
-3.944839e-02 -2.197846e-02
-3.927787e-02 -2.203060e-02
-3.910693e-02 -2.208269e-02
-3.893556e-02 -2.213471e-02
-3.876378e-02 -2.218667e-02
-3.859157e-02 -2.223856e-02
-3.841894e-02 -2.229040e-02
-3.824588e-02 -2.234216e-02
-3.807240e-02 -2.239387e-02
-3.789849e-02 -2.244550e-02
-3.772416e-02 -2.249708e-02
-3.754940e-02 -2.254859e-02
-3.737421e-02 -2.260003e-02
-3.719859e-02 -2.265140e-02
-3.702254e-02 -2.270271e-02
-3.684606e-02 -2.275396e-02
-3.666915e-02 -2.280513e-02
-3.649180e-02 -2.285624e-02
-3.631402e-02 -2.290729e-02
-3.613581e-02 -2.295826e-02
-3.595716e-02 -2.300917e-02
-3.577808e-02 -2.306001e-02
-3.559856e-02 -2.311078e-02
-3.541860e-02 -2.316148e-02
-3.523821e-02 -2.321211e-02
-3.505737e-02 -2.326267e-02
-3.487609e-02 -2.331316e-02
-3.469438e-02 -2.336359e-02
-3.451222e-02 -2.341394e-02
-3.432962e-02 -2.346422e-02
-3.414657e-02 -2.351443e-02
-3.396308e-02 -2.356457e-02
-3.377915e-02 -2.361464e-02
-3.359477e-02 -2.366463e-02
-3.340994e-02 -2.371456e-02
-3.322466e-02 -2.376441e-02
-3.303894e-02 -2.381419e-02
-3.285276e-02 -2.386389e-02
-3.266614e-02 -2.391352e-02
-3.247906e-02 -2.396308e-02
-3.229153e-02 -2.401256e-02
-3.210355e-02 -2.406197e-02
-3.191512e-02 -2.411131e-02
-3.172623e-02 -2.416057e-02
-3.153688e-02 -2.420975e-02
-3.134708e-02 -2.425886e-02
-3.115682e-02 -2.430789e-02
-3.096611e-02 -2.435685e-02
-3.077493e-02 -2.440573e-02
-3.058330e-02 -2.445453e-02
-3.039120e-02 -2.450325e-02
-3.019864e-02 -2.455190e-02
-3.000563e-02 -2.460047e-02
-2.981214e-02 -2.464896e-02
-2.961820e-02 -2.469737e-02
-2.942379e-02 -2.474570e-02
-2.922891e-02 -2.479396e-02
-2.903357e-02 -2.484213e-02
-2.883777e-02 -2.489022e-02
-2.864149e-02 -2.493824e-02
-2.844475e-02 -2.498617e-02
-2.824753e-02 -2.503402e-02
-2.804985e-02 -2.508179e-02
-2.785170e-02 -2.512947e-02
-2.765307e-02 -2.517708e-02
-2.745398e-02 -2.522460e-02
-2.725441e-02 -2.527204e-02
-2.705436e-02 -2.531939e-02
-2.685384e-02 -2.536666e-02
-2.665285e-02 -2.541385e-02
-2.645138e-02 -2.546095e-02
-2.624944e-02 -2.550797e-02
-2.604701e-02 -2.555490e-02
-2.584411e-02 -2.560175e-02
-2.564073e-02 -2.564851e-02
-2.543687e-02 -2.569518e-02
-2.523254e-02 -2.574177e-02
-2.502772e-02 -2.578827e-02
-2.482242e-02 -2.583468e-02
-2.461663e-02 -2.588100e-02
-2.441037e-02 -2.592724e-02
-2.420362e-02 -2.597338e-02
-2.399639e-02 -2.601944e-02
-2.378867e-02 -2.606540e-02
-2.358047e-02 -2.611128e-02
-2.337179e-02 -2.615706e-02
-2.316261e-02 -2.620275e-02
-2.295296e-02 -2.624835e-02
-2.274281e-02 -2.629386e-02
-2.253217e-02 -2.633928e-02
-2.232105e-02 -2.638460e-02
-2.210944e-02 -2.642983e-02
-2.189734e-02 -2.647497e-02
-2.168475e-02 -2.652001e-02
-2.147167e-02 -2.656495e-02
-2.125810e-02 -2.660980e-02
-2.104403e-02 -2.665456e-02
-2.082948e-02 -2.669922e-02
-2.061443e-02 -2.674378e-02
-2.039889e-02 -2.678824e-02
-2.018286e-02 -2.683261e-02
-1.996633e-02 -2.687687e-02
-1.974931e-02 -2.692104e-02
-1.953180e-02 -2.696511e-02
-1.931379e-02 -2.700908e-02
-1.909529e-02 -2.705295e-02
-1.887629e-02 -2.709671e-02
-1.865680e-02 -2.714038e-02
-1.843681e-02 -2.718394e-02
-1.821632e-02 -2.722740e-02
-1.799534e-02 -2.727076e-02
-1.777386e-02 -2.731401e-02
-1.755188e-02 -2.735716e-02
-1.732941e-02 -2.740020e-02
-1.710644e-02 -2.744314e-02
-1.688297e-02 -2.748597e-02
-1.665900e-02 -2.752870e-02
-1.643454e-02 -2.757132e-02
-1.620958e-02 -2.761383e-02
-1.598412e-02 -2.765623e-02
-1.575816e-02 -2.769852e-02
-1.553170e-02 -2.774070e-02
-1.530474e-02 -2.778277e-02
-1.507729e-02 -2.782473e-02
-1.484934e-02 -2.786658e-02
-1.462089e-02 -2.790832e-02
-1.439193e-02 -2.794994e-02
-1.416249e-02 -2.799145e-02
-1.393254e-02 -2.803285e-02
-1.370209e-02 -2.807412e-02
-1.347115e-02 -2.811529e-02
-1.323970e-02 -2.815634e-02
-1.300776e-02 -2.819727e-02
-1.277532e-02 -2.823808e-02
-1.254238e-02 -2.827877e-02
-1.230894e-02 -2.831935e-02
-1.207501e-02 -2.835980e-02
-1.184058e-02 -2.840014e-02
-1.160565e-02 -2.844035e-02
-1.137022e-02 -2.848044e-02
-1.113429e-02 -2.852041e-02
-1.089787e-02 -2.856025e-02
-1.066095e-02 -2.859997e-02
-1.042354e-02 -2.863956e-02
-1.018563e-02 -2.867903e-02
-9.947225e-03 -2.871837e-02
-9.708325e-03 -2.875758e-02
-9.468930e-03 -2.879667e-02
-9.229040e-03 -2.883562e-02
-8.988656e-03 -2.887445e-02
-8.747779e-03 -2.891314e-02
-8.506409e-03 -2.895170e-02
-8.264546e-03 -2.899013e-02
-8.022192e-03 -2.902842e-02
-7.779346e-03 -2.906658e-02
-7.536009e-03 -2.910461e-02
-7.292182e-03 -2.914250e-02
-7.047865e-03 -2.918025e-02
-6.803059e-03 -2.921786e-02
-6.557765e-03 -2.925534e-02
-6.311983e-03 -2.929267e-02
-6.065714e-03 -2.932987e-02
-5.818958e-03 -2.936692e-02
-5.571717e-03 -2.940383e-02
-5.323992e-03 -2.944059e-02
-5.075782e-03 -2.947722e-02
-4.827089e-03 -2.951369e-02
-4.577914e-03 -2.955002e-02
-4.328258e-03 -2.958620e-02
-4.078121e-03 -2.962223e-02
-3.827504e-03 -2.965811e-02
-3.576409e-03 -2.969385e-02
-3.324836e-03 -2.972943e-02
-3.072786e-03 -2.976485e-02
-2.820260e-03 -2.980013e-02
-2.567260e-03 -2.983524e-02
-2.313787e-03 -2.987021e-02
-2.059840e-03 -2.990501e-02
-1.805423e-03 -2.993966e-02
-1.550535e-03 -2.997414e-02
-1.295178e-03 -3.000847e-02
-1.039354e-03 -3.004264e-02
-7.830622e-04 -3.007664e-02
-5.263055e-04 -3.011048e-02
-2.690847e-04 -3.014415e-02
-1.140116e-05 -3.017766e-02
2.467439e-04 -3.021100e-02
5.053490e-04 -3.024417e-02
7.644129e-04 -3.027717e-02
1.023934e-03 -3.031000e-02
1.283911e-03 -3.034265e-02
1.544343e-03 -3.037514e-02
1.805227e-03 -3.040745e-02
2.066563e-03 -3.043958e-02
2.328348e-03 -3.047154e-02
2.590582e-03 -3.050331e-02
2.853263e-03 -3.053491e-02
3.116388e-03 -3.056633e-02
3.379957e-03 -3.059756e-02
3.643968e-03 -3.062861e-02
3.908419e-03 -3.065947e-02
4.173308e-03 -3.069015e-02
4.438633e-03 -3.072064e-02
4.704393e-03 -3.075094e-02
4.970586e-03 -3.078105e-02
5.237209e-03 -3.081097e-02
5.504262e-03 -3.084069e-02
5.771742e-03 -3.087022e-02
6.039648e-03 -3.089955e-02
6.307976e-03 -3.092869e-02
6.576726e-03 -3.095762e-02
6.845895e-03 -3.098636e-02
7.115481e-03 -3.101489e-02
7.385482e-03 -3.104322e-02
7.655897e-03 -3.107134e-02
7.926722e-03 -3.109926e-02
8.197955e-03 -3.112696e-02
8.469595e-03 -3.115446e-02
8.741639e-03 -3.118175e-02
9.014086e-03 -3.120882e-02
9.286931e-03 -3.123568e-02
9.560174e-03 -3.126232e-02
9.833813e-03 -3.128875e-02
1.010784e-02 -3.131495e-02
1.038226e-02 -3.134094e-02
1.065707e-02 -3.136670e-02
1.093227e-02 -3.139224e-02
1.120784e-02 -3.141755e-02
1.148380e-02 -3.144263e-02
1.176013e-02 -3.146749e-02
1.203684e-02 -3.149211e-02
1.231392e-02 -3.151650e-02
1.259138e-02 -3.154066e-02
1.286919e-02 -3.156458e-02
1.314738e-02 -3.158826e-02
1.342592e-02 -3.161170e-02
1.370482e-02 -3.163490e-02
1.398408e-02 -3.165786e-02
1.426370e-02 -3.168057e-02
1.454366e-02 -3.170304e-02
1.482397e-02 -3.172526e-02
1.510462e-02 -3.174722e-02
1.538562e-02 -3.176894e-02
1.566696e-02 -3.179039e-02
1.594863e-02 -3.181160e-02
1.623063e-02 -3.183254e-02
1.651296e-02 -3.185323e-02
1.679562e-02 -3.187365e-02
1.707860e-02 -3.189381e-02
1.736190e-02 -3.191370e-02
1.764552e-02 -3.193333e-02
1.792945e-02 -3.195268e-02
1.821369e-02 -3.197177e-02
1.849824e-02 -3.199058e-02
1.878310e-02 -3.200912e-02
1.906825e-02 -3.202737e-02
1.935370e-02 -3.204535e-02
1.963944e-02 -3.206305e-02
1.992548e-02 -3.208046e-02
2.021180e-02 -3.209759e-02
2.049840e-02 -3.211442e-02
2.078528e-02 -3.213097e-02
2.107244e-02 -3.214723e-02
2.135987e-02 -3.216319e-02
2.164757e-02 -3.217886e-02
2.193554e-02 -3.219423e-02
2.222376e-02 -3.220929e-02
2.251225e-02 -3.222406e-02
2.280099e-02 -3.223852e-02
2.308997e-02 -3.225267e-02
2.337921e-02 -3.226651e-02
2.366869e-02 -3.228005e-02
2.395840e-02 -3.229326e-02
2.424835e-02 -3.230617e-02
2.453853e-02 -3.231875e-02
2.482894e-02 -3.233102e-02
2.511957e-02 -3.234296e-02
2.541042e-02 -3.235457e-02
2.570149e-02 -3.236586e-02
2.599276e-02 -3.237682e-02
2.628424e-02 -3.238745e-02
2.657593e-02 -3.239775e-02
2.686781e-02 -3.240770e-02
2.715989e-02 -3.241732e-02
2.745215e-02 -3.242660e-02
2.774461e-02 -3.243554e-02
2.803724e-02 -3.244413e-02
2.833005e-02 -3.245237e-02
2.862303e-02 -3.246026e-02
2.891619e-02 -3.246780e-02
2.920950e-02 -3.247498e-02
2.950298e-02 -3.248181e-02
2.979661e-02 -3.248827e-02
3.009039e-02 -3.249437e-02
3.038432e-02 -3.250011e-02
3.067839e-02 -3.250548e-02
3.097259e-02 -3.251048e-02
3.126693e-02 -3.251511e-02
3.156140e-02 -3.251936e-02
3.185598e-02 -3.252324e-02
3.215069e-02 -3.252674e-02
3.244551e-02 -3.252985e-02
3.274044e-02 -3.253258e-02
3.303548e-02 -3.253492e-02
3.333061e-02 -3.253687e-02
3.362584e-02 -3.253843e-02
3.392116e-02 -3.253960e-02
3.421656e-02 -3.254037e-02
3.451205e-02 -3.254074e-02
3.480761e-02 -3.254070e-02
3.510324e-02 -3.254026e-02
3.539893e-02 -3.253941e-02
3.569469e-02 -3.253816e-02
3.599050e-02 -3.253649e-02
3.628636e-02 -3.253440e-02
3.658226e-02 -3.253190e-02
3.687821e-02 -3.252897e-02
3.717419e-02 -3.252563e-02
3.747020e-02 -3.252185e-02
3.776623e-02 -3.251765e-02
3.806228e-02 -3.251302e-02
3.835835e-02 -3.250795e-02
3.865443e-02 -3.250245e-02
3.895051e-02 -3.249651e-02
3.924659e-02 -3.249013e-02
3.954266e-02 -3.248330e-02
3.983872e-02 -3.247602e-02
4.013476e-02 -3.246830e-02
4.043078e-02 -3.246012e-02
4.072677e-02 -3.245149e-02
4.102272e-02 -3.244240e-02
4.131864e-02 -3.243285e-02
4.161451e-02 -3.242284e-02
4.191033e-02 -3.241237e-02
4.220609e-02 -3.240142e-02
4.250180e-02 -3.239000e-02
4.279743e-02 -3.237811e-02
4.309299e-02 -3.236575e-02
4.338848e-02 -3.235290e-02
4.368388e-02 -3.233957e-02
4.397919e-02 -3.232576e-02
4.427441e-02 -3.231146e-02
4.456952e-02 -3.229668e-02
4.486453e-02 -3.228140e-02
4.515942e-02 -3.226562e-02
4.545420e-02 -3.224935e-02
4.574885e-02 -3.223257e-02
4.604338e-02 -3.221529e-02
4.633776e-02 -3.219751e-02
4.663201e-02 -3.217922e-02
4.692611e-02 -3.216042e-02
4.722005e-02 -3.214110e-02
4.751384e-02 -3.212127e-02
4.780746e-02 -3.210092e-02
4.810090e-02 -3.208004e-02
4.839418e-02 -3.205864e-02
4.868726e-02 -3.203672e-02
4.898016e-02 -3.201426e-02
4.927287e-02 -3.199127e-02
4.956537e-02 -3.196775e-02
4.985767e-02 -3.194369e-02
5.014975e-02 -3.191908e-02
5.044161e-02 -3.189394e-02
5.073325e-02 -3.186825e-02
5.102466e-02 -3.184201e-02
5.131583e-02 -3.181522e-02
5.160675e-02 -3.178788e-02
5.189743e-02 -3.175998e-02
5.218785e-02 -3.173152e-02
5.247800e-02 -3.170250e-02
5.276789e-02 -3.167291e-02
5.305750e-02 -3.164276e-02
5.334683e-02 -3.161204e-02
5.363588e-02 -3.158075e-02
5.392463e-02 -3.154889e-02
5.421308e-02 -3.151644e-02
5.450122e-02 -3.148342e-02
5.478906e-02 -3.144982e-02
5.507657e-02 -3.141563e-02
5.536376e-02 -3.138086e-02
5.565061e-02 -3.134549e-02
5.593713e-02 -3.130954e-02
5.622331e-02 -3.127299e-02
5.650913e-02 -3.123584e-02
5.679460e-02 -3.119809e-02
5.707970e-02 -3.115975e-02
5.736443e-02 -3.112080e-02
5.764879e-02 -3.108124e-02
5.793277e-02 -3.104107e-02
5.821635e-02 -3.100030e-02
5.849954e-02 -3.095891e-02
5.878233e-02 -3.091690e-02
5.906471e-02 -3.087427e-02
5.934667e-02 -3.083103e-02
5.962822e-02 -3.078716e-02
5.990933e-02 -3.074267e-02
6.019001e-02 -3.069755e-02
6.047025e-02 -3.065180e-02
6.075004e-02 -3.060542e-02
6.102938e-02 -3.055841e-02
6.130826e-02 -3.051076e-02
6.158667e-02 -3.046247e-02
6.186461e-02 -3.041354e-02
6.214206e-02 -3.036397e-02
6.241903e-02 -3.031375e-02
6.269551e-02 -3.026289e-02
6.297148e-02 -3.021137e-02
6.324695e-02 -3.015921e-02
6.352191e-02 -3.010640e-02
6.379635e-02 -3.005293e-02
6.407026e-02 -2.999880e-02
6.434364e-02 -2.994401e-02
6.461647e-02 -2.988857e-02
6.488877e-02 -2.983246e-02
6.516050e-02 -2.977568e-02
6.543168e-02 -2.971824e-02
6.570230e-02 -2.966014e-02
6.597234e-02 -2.960136e-02
6.624180e-02 -2.954191e-02
6.651068e-02 -2.948179e-02
6.677896e-02 -2.942099e-02
6.704665e-02 -2.935951e-02
6.731373e-02 -2.929736e-02
6.758020e-02 -2.923452e-02
6.784605e-02 -2.917101e-02
6.811127e-02 -2.910681e-02
6.837586e-02 -2.904192e-02
6.863981e-02 -2.897635e-02
6.890312e-02 -2.891009e-02
6.916578e-02 -2.884315e-02
6.942777e-02 -2.877551e-02
6.968911e-02 -2.870717e-02
6.994977e-02 -2.863815e-02
7.020975e-02 -2.856843e-02
7.046905e-02 -2.849801e-02
7.072765e-02 -2.842689e-02
7.098556e-02 -2.835508e-02
7.124276e-02 -2.828256e-02
7.149926e-02 -2.820935e-02
7.175503e-02 -2.813543e-02
7.201008e-02 -2.806081e-02
7.226440e-02 -2.798548e-02
7.251798e-02 -2.790945e-02
7.277082e-02 -2.783271e-02
7.302291e-02 -2.775526e-02
7.327424e-02 -2.767710e-02
7.352480e-02 -2.759824e-02
7.377460e-02 -2.751866e-02
7.402362e-02 -2.743837e-02
7.427185e-02 -2.735737e-02
7.451930e-02 -2.727566e-02
7.476595e-02 -2.719323e-02
7.501180e-02 -2.711009e-02
7.525684e-02 -2.702623e-02
7.550106e-02 -2.694166e-02
7.574446e-02 -2.685637e-02
7.598703e-02 -2.677037e-02
7.622877e-02 -2.668364e-02
7.646967e-02 -2.659620e-02
7.670972e-02 -2.650805e-02
7.694891e-02 -2.641917e-02
7.718724e-02 -2.632957e-02
7.742471e-02 -2.623926e-02
7.766130e-02 -2.614823e-02
7.789702e-02 -2.605648e-02
7.813185e-02 -2.596400e-02
7.836578e-02 -2.587081e-02
7.859882e-02 -2.577690e-02
7.883095e-02 -2.568227e-02
7.906217e-02 -2.558692e-02
7.929247e-02 -2.549085e-02
7.952185e-02 -2.539406e-02
7.975030e-02 -2.529655e-02
7.997781e-02 -2.519832e-02
8.020439e-02 -2.509937e-02
8.043001e-02 -2.499970e-02
8.065468e-02 -2.489932e-02
8.087838e-02 -2.479822e-02
8.110112e-02 -2.469640e-02
8.132289e-02 -2.459386e-02
8.154367e-02 -2.449060e-02
8.176347e-02 -2.438663e-02
8.198228e-02 -2.428195e-02
8.220010e-02 -2.417655e-02
8.241691e-02 -2.407044e-02
8.263271e-02 -2.396361e-02
8.284749e-02 -2.385607e-02
8.306125e-02 -2.374782e-02
8.327399e-02 -2.363886e-02
8.348569e-02 -2.352919e-02
8.369635e-02 -2.341881e-02
8.390596e-02 -2.330773e-02
8.411453e-02 -2.319593e-02
8.432204e-02 -2.308344e-02
8.452848e-02 -2.297023e-02
8.473386e-02 -2.285633e-02
8.493816e-02 -2.274172e-02
8.514139e-02 -2.262642e-02
8.534352e-02 -2.251041e-02
8.554457e-02 -2.239371e-02
8.574452e-02 -2.227631e-02
8.594336e-02 -2.215822e-02
8.614110e-02 -2.203944e-02
8.633772e-02 -2.191996e-02
8.653322e-02 -2.179980e-02
8.672760e-02 -2.167895e-02
8.692084e-02 -2.155741e-02
8.711295e-02 -2.143519e-02
8.730392e-02 -2.131229e-02
8.749374e-02 -2.118871e-02
8.768240e-02 -2.106445e-02
8.786991e-02 -2.093952e-02
8.805626e-02 -2.081391e-02
8.824143e-02 -2.068763e-02
8.842544e-02 -2.056069e-02
8.860826e-02 -2.043307e-02
8.878990e-02 -2.030480e-02
8.897034e-02 -2.017586e-02
8.914959e-02 -2.004626e-02
8.932764e-02 -1.991600e-02
8.950449e-02 -1.978509e-02
8.968012e-02 -1.965353e-02
8.985454e-02 -1.952132e-02
9.002774e-02 -1.938846e-02
9.019971e-02 -1.925496e-02
9.037045e-02 -1.912082e-02
9.053996e-02 -1.898604e-02
9.070822e-02 -1.885062e-02
9.087524e-02 -1.871458e-02
9.104100e-02 -1.857790e-02
9.120551e-02 -1.844060e-02
9.136876e-02 -1.830268e-02
9.153075e-02 -1.816414e-02
9.169146e-02 -1.802498e-02
9.185090e-02 -1.788521e-02
9.200906e-02 -1.774483e-02
9.216594e-02 -1.760384e-02
9.232153e-02 -1.746225e-02
9.247582e-02 -1.732006e-02
9.262882e-02 -1.717728e-02
9.278052e-02 -1.703390e-02
9.293090e-02 -1.688994e-02
9.307998e-02 -1.674539e-02
9.322774e-02 -1.660026e-02
9.337418e-02 -1.645456e-02
9.351930e-02 -1.630828e-02
9.366308e-02 -1.616143e-02
9.380554e-02 -1.601402e-02
9.394666e-02 -1.586604e-02
9.408643e-02 -1.571751e-02
9.422486e-02 -1.556842e-02
9.436194e-02 -1.541879e-02
9.449767e-02 -1.526861e-02
9.463204e-02 -1.511789e-02
9.476504e-02 -1.496664e-02
9.489668e-02 -1.481485e-02
9.502695e-02 -1.466254e-02
9.515585e-02 -1.450971e-02
9.528337e-02 -1.435635e-02
9.540951e-02 -1.420248e-02
9.553426e-02 -1.404811e-02
9.565763e-02 -1.389323e-02
9.577960e-02 -1.373784e-02
9.590017e-02 -1.358197e-02
9.601935e-02 -1.342560e-02
9.613712e-02 -1.326875e-02
9.625348e-02 -1.311142e-02
9.636844e-02 -1.295361e-02
9.648198e-02 -1.279533e-02
9.659410e-02 -1.263659e-02
9.670480e-02 -1.247739e-02
9.681408e-02 -1.231773e-02
9.692193e-02 -1.215762e-02
9.702835e-02 -1.199706e-02
9.713333e-02 -1.183607e-02
9.723688e-02 -1.167464e-02
9.733899e-02 -1.151278e-02
9.743965e-02 -1.135050e-02
9.753887e-02 -1.118779e-02
9.763664e-02 -1.102468e-02
9.773295e-02 -1.086116e-02
9.782781e-02 -1.069723e-02
9.792121e-02 -1.053291e-02
9.801315e-02 -1.036820e-02
9.810363e-02 -1.020310e-02
9.819264e-02 -1.003763e-02
9.828018e-02 -9.871777e-03
9.836625e-02 -9.705558e-03
9.845085e-02 -9.538976e-03
9.853396e-02 -9.372038e-03
9.861560e-02 -9.204749e-03
9.869576e-02 -9.037115e-03
9.877443e-02 -8.869142e-03
9.885161e-02 -8.700836e-03
9.892730e-02 -8.532202e-03
9.900151e-02 -8.363248e-03
9.907421e-02 -8.193978e-03
9.914542e-02 -8.024400e-03
9.921514e-02 -7.854518e-03
9.928335e-02 -7.684339e-03
9.935006e-02 -7.513870e-03
9.941527e-02 -7.343117e-03
9.947896e-02 -7.172085e-03
9.954115e-02 -7.000781e-03
9.960183e-02 -6.829212e-03
9.966100e-02 -6.657383e-03
9.971865e-02 -6.485301e-03
9.977479e-02 -6.312972e-03
9.982941e-02 -6.140403e-03
9.988251e-02 -5.967599e-03
9.993408e-02 -5.794569e-03
9.998414e-02 -5.621317e-03
1.000327e-01 -5.447850e-03
1.000797e-01 -5.274175e-03
1.001252e-01 -5.100299e-03
1.001691e-01 -4.926227e-03
1.002115e-01 -4.751967e-03
1.002524e-01 -4.577525e-03
1.002918e-01 -4.402907e-03
1.003296e-01 -4.228120e-03
1.003659e-01 -4.053172e-03
1.004006e-01 -3.878067e-03
1.004338e-01 -3.702814e-03
1.004655e-01 -3.527418e-03
1.004957e-01 -3.351887e-03
1.005243e-01 -3.176227e-03
1.005513e-01 -3.000445e-03
1.005768e-01 -2.824547e-03
1.006008e-01 -2.648541e-03
1.006232e-01 -2.472432e-03
1.006441e-01 -2.296228e-03
1.006635e-01 -2.119936e-03
1.006813e-01 -1.943562e-03
1.006975e-01 -1.767113e-03
1.007122e-01 -1.590596e-03
1.007254e-01 -1.414018e-03
1.007370e-01 -1.237385e-03
1.007470e-01 -1.060705e-03
1.007556e-01 -8.839830e-04
1.007625e-01 -7.072274e-04
1.007680e-01 -5.304444e-04
1.007718e-01 -3.536410e-04
1.007741e-01 -1.768239e-04
1.007749e-01 0.000000e+00
1.007741e-01 1.768239e-04
1.007718e-01 3.536410e-04
1.007680e-01 5.304444e-04
1.007625e-01 7.072274e-04
1.007556e-01 8.839830e-04
1.007470e-01 1.060705e-03
1.007370e-01 1.237385e-03
1.007254e-01 1.414018e-03
1.007122e-01 1.590596e-03
1.006975e-01 1.767113e-03
1.006813e-01 1.943562e-03
1.006635e-01 2.119936e-03
1.006441e-01 2.296228e-03
1.006232e-01 2.472432e-03
1.006008e-01 2.648541e-03
1.005768e-01 2.824547e-03
1.005513e-01 3.000445e-03
1.005243e-01 3.176227e-03
1.004957e-01 3.351887e-03
1.004655e-01 3.527418e-03
1.004338e-01 3.702814e-03
1.004006e-01 3.878067e-03
1.003659e-01 4.053172e-03
1.003296e-01 4.228120e-03
1.002918e-01 4.402907e-03
1.002524e-01 4.577525e-03
1.002115e-01 4.751967e-03
1.001691e-01 4.926227e-03
1.001252e-01 5.100299e-03
1.000797e-01 5.274175e-03
1.000327e-01 5.447850e-03
9.998414e-02 5.621317e-03
9.993408e-02 5.794569e-03
9.988251e-02 5.967599e-03
9.982941e-02 6.140403e-03
9.977479e-02 6.312972e-03
9.971865e-02 6.485301e-03
9.966100e-02 6.657383e-03
9.960183e-02 6.829212e-03
9.954115e-02 7.000781e-03
9.947896e-02 7.172085e-03
9.941527e-02 7.343117e-03
9.935006e-02 7.513870e-03
9.928335e-02 7.684339e-03
9.921514e-02 7.854518e-03
9.914542e-02 8.024400e-03
9.907421e-02 8.193978e-03
9.900151e-02 8.363248e-03
9.892730e-02 8.532202e-03
9.885161e-02 8.700836e-03
9.877443e-02 8.869142e-03
9.869576e-02 9.037115e-03
9.861560e-02 9.204749e-03
9.853396e-02 9.372038e-03
9.845085e-02 9.538976e-03
9.836625e-02 9.705558e-03
9.828018e-02 9.871777e-03
9.819264e-02 1.003763e-02
9.810363e-02 1.020310e-02
9.801315e-02 1.036820e-02
9.792121e-02 1.053291e-02
9.782781e-02 1.069723e-02
9.773295e-02 1.086116e-02
9.763664e-02 1.102468e-02
9.753887e-02 1.118779e-02
9.743965e-02 1.135050e-02
9.733899e-02 1.151278e-02
9.723688e-02 1.167464e-02
9.713333e-02 1.183607e-02
9.702835e-02 1.199706e-02
9.692193e-02 1.215762e-02
9.681408e-02 1.231773e-02
9.670480e-02 1.247739e-02
9.659410e-02 1.263659e-02
9.648198e-02 1.279533e-02
9.636844e-02 1.295361e-02
9.625348e-02 1.311142e-02
9.613712e-02 1.326875e-02
9.601935e-02 1.342560e-02
9.590017e-02 1.358197e-02
9.577960e-02 1.373784e-02
9.565763e-02 1.389323e-02
9.553426e-02 1.404811e-02
9.540951e-02 1.420248e-02
9.528337e-02 1.435635e-02
9.515585e-02 1.450971e-02
9.502695e-02 1.466254e-02
9.489668e-02 1.481485e-02
9.476504e-02 1.496664e-02
9.463204e-02 1.511789e-02
9.449767e-02 1.526861e-02
9.436194e-02 1.541879e-02
9.422486e-02 1.556842e-02
9.408643e-02 1.571751e-02
9.394666e-02 1.586604e-02
9.380554e-02 1.601402e-02
9.366308e-02 1.616143e-02
9.351930e-02 1.630828e-02
9.337418e-02 1.645456e-02
9.322774e-02 1.660026e-02
9.307998e-02 1.674539e-02
9.293090e-02 1.688994e-02
9.278052e-02 1.703390e-02
9.262882e-02 1.717728e-02
9.247582e-02 1.732006e-02
9.232153e-02 1.746225e-02
9.216594e-02 1.760384e-02
9.200906e-02 1.774483e-02
9.185090e-02 1.788521e-02
9.169146e-02 1.802498e-02
9.153075e-02 1.816414e-02
9.136876e-02 1.830268e-02
9.120551e-02 1.844060e-02
9.104100e-02 1.857790e-02
9.087524e-02 1.871458e-02
9.070822e-02 1.885062e-02
9.053996e-02 1.898604e-02
9.037045e-02 1.912082e-02
9.019971e-02 1.925496e-02
9.002774e-02 1.938846e-02
8.985454e-02 1.952132e-02
8.968012e-02 1.965353e-02
8.950449e-02 1.978509e-02
8.932764e-02 1.991600e-02
8.914959e-02 2.004626e-02
8.897034e-02 2.017586e-02
8.878990e-02 2.030480e-02
8.860826e-02 2.043307e-02
8.842544e-02 2.056069e-02
8.824143e-02 2.068763e-02
8.805626e-02 2.081391e-02
8.786991e-02 2.093952e-02
8.768240e-02 2.106445e-02
8.749374e-02 2.118871e-02
8.730392e-02 2.131229e-02
8.711295e-02 2.143519e-02
8.692084e-02 2.155741e-02
8.672760e-02 2.167895e-02
8.653322e-02 2.179980e-02
8.633772e-02 2.191996e-02
8.614110e-02 2.203944e-02
8.594336e-02 2.215822e-02
8.574452e-02 2.227631e-02
8.554457e-02 2.239371e-02
8.534352e-02 2.251041e-02
8.514139e-02 2.262642e-02
8.493816e-02 2.274172e-02
8.473386e-02 2.285633e-02
8.452848e-02 2.297023e-02
8.432204e-02 2.308344e-02
8.411453e-02 2.319593e-02
8.390596e-02 2.330773e-02
8.369635e-02 2.341881e-02
8.348569e-02 2.352919e-02
8.327399e-02 2.363886e-02
8.306125e-02 2.374782e-02
8.284749e-02 2.385607e-02
8.263271e-02 2.396361e-02
8.241691e-02 2.407044e-02
8.220010e-02 2.417655e-02
8.198228e-02 2.428195e-02
8.176347e-02 2.438663e-02
8.154367e-02 2.449060e-02
8.132289e-02 2.459386e-02
8.110112e-02 2.469640e-02
8.087838e-02 2.479822e-02
8.065468e-02 2.489932e-02
8.043001e-02 2.499970e-02
8.020439e-02 2.509937e-02
7.997781e-02 2.519832e-02
7.975030e-02 2.529655e-02
7.952185e-02 2.539406e-02
7.929247e-02 2.549085e-02
7.906217e-02 2.558692e-02
7.883095e-02 2.568227e-02
7.859882e-02 2.577690e-02
7.836578e-02 2.587081e-02
7.813185e-02 2.596400e-02
7.789702e-02 2.605648e-02
7.766130e-02 2.614823e-02
7.742471e-02 2.623926e-02
7.718724e-02 2.632957e-02
7.694891e-02 2.641917e-02
7.670972e-02 2.650805e-02
7.646967e-02 2.659620e-02
7.622877e-02 2.668364e-02
7.598703e-02 2.677037e-02
7.574446e-02 2.685637e-02
7.550106e-02 2.694166e-02
7.525684e-02 2.702623e-02
7.501180e-02 2.711009e-02
7.476595e-02 2.719323e-02
7.451930e-02 2.727566e-02
7.427185e-02 2.735737e-02
7.402362e-02 2.743837e-02
7.377460e-02 2.751866e-02
7.352480e-02 2.759824e-02
7.327424e-02 2.767710e-02
7.302291e-02 2.775526e-02
7.277082e-02 2.783271e-02
7.251798e-02 2.790945e-02
7.226440e-02 2.798548e-02
7.201008e-02 2.806081e-02
7.175503e-02 2.813543e-02
7.149926e-02 2.820935e-02
7.124276e-02 2.828256e-02
7.098556e-02 2.835508e-02
7.072765e-02 2.842689e-02
7.046905e-02 2.849801e-02
7.020975e-02 2.856843e-02
6.994977e-02 2.863815e-02
6.968911e-02 2.870717e-02
6.942777e-02 2.877551e-02
6.916578e-02 2.884315e-02
6.890312e-02 2.891009e-02
6.863981e-02 2.897635e-02
6.837586e-02 2.904192e-02
6.811127e-02 2.910681e-02
6.784605e-02 2.917101e-02
6.758020e-02 2.923452e-02
6.731373e-02 2.929736e-02
6.704665e-02 2.935951e-02
6.677896e-02 2.942099e-02
6.651068e-02 2.948179e-02
6.624180e-02 2.954191e-02
6.597234e-02 2.960136e-02
6.570230e-02 2.966014e-02
6.543168e-02 2.971824e-02
6.516050e-02 2.977568e-02
6.488877e-02 2.983246e-02
6.461647e-02 2.988857e-02
6.434364e-02 2.994401e-02
6.407026e-02 2.999880e-02
6.379635e-02 3.005293e-02
6.352191e-02 3.010640e-02
6.324695e-02 3.015921e-02
6.297148e-02 3.021137e-02
6.269551e-02 3.026289e-02
6.241903e-02 3.031375e-02
6.214206e-02 3.036397e-02
6.186461e-02 3.041354e-02
6.158667e-02 3.046247e-02
6.130826e-02 3.051076e-02
6.102938e-02 3.055841e-02
6.075004e-02 3.060542e-02
6.047025e-02 3.065180e-02
6.019001e-02 3.069755e-02
5.990933e-02 3.074267e-02
5.962822e-02 3.078716e-02
5.934667e-02 3.083103e-02
5.906471e-02 3.087427e-02
5.878233e-02 3.091690e-02
5.849954e-02 3.095891e-02
5.821635e-02 3.100030e-02
5.793277e-02 3.104107e-02
5.764879e-02 3.108124e-02
5.736443e-02 3.112080e-02
5.707970e-02 3.115975e-02
5.679460e-02 3.119809e-02
5.650913e-02 3.123584e-02
5.622331e-02 3.127299e-02
5.593713e-02 3.130954e-02
5.565061e-02 3.134549e-02
5.536376e-02 3.138086e-02
5.507657e-02 3.141563e-02
5.478906e-02 3.144982e-02
5.450122e-02 3.148342e-02
5.421308e-02 3.151644e-02
5.392463e-02 3.154889e-02
5.363588e-02 3.158075e-02
5.334683e-02 3.161204e-02
5.305750e-02 3.164276e-02
5.276789e-02 3.167291e-02
5.247800e-02 3.170250e-02
5.218785e-02 3.173152e-02
5.189743e-02 3.175998e-02
5.160675e-02 3.178788e-02
5.131583e-02 3.181522e-02
5.102466e-02 3.184201e-02
5.073325e-02 3.186825e-02
5.044161e-02 3.189394e-02
5.014975e-02 3.191908e-02
4.985767e-02 3.194369e-02
4.956537e-02 3.196775e-02
4.927287e-02 3.199127e-02
4.898016e-02 3.201426e-02
4.868726e-02 3.203672e-02
4.839418e-02 3.205864e-02
4.810090e-02 3.208004e-02
4.780746e-02 3.210092e-02
4.751384e-02 3.212127e-02
4.722005e-02 3.214110e-02
4.692611e-02 3.216042e-02
4.663201e-02 3.217922e-02
4.633776e-02 3.219751e-02
4.604338e-02 3.221529e-02
4.574885e-02 3.223257e-02
4.545420e-02 3.224935e-02
4.515942e-02 3.226562e-02
4.486453e-02 3.228140e-02
4.456952e-02 3.229668e-02
4.427441e-02 3.231146e-02
4.397919e-02 3.232576e-02
4.368388e-02 3.233957e-02
4.338848e-02 3.235290e-02
4.309299e-02 3.236575e-02
4.279743e-02 3.237811e-02
4.250180e-02 3.239000e-02
4.220609e-02 3.240142e-02
4.191033e-02 3.241237e-02
4.161451e-02 3.242284e-02
4.131864e-02 3.243285e-02
4.102272e-02 3.244240e-02
4.072677e-02 3.245149e-02
4.043078e-02 3.246012e-02
4.013476e-02 3.246830e-02
3.983872e-02 3.247602e-02
3.954266e-02 3.248330e-02
3.924659e-02 3.249013e-02
3.895051e-02 3.249651e-02
3.865443e-02 3.250245e-02
3.835835e-02 3.250795e-02
3.806228e-02 3.251302e-02
3.776623e-02 3.251765e-02
3.747020e-02 3.252185e-02
3.717419e-02 3.252563e-02
3.687821e-02 3.252897e-02
3.658226e-02 3.253190e-02
3.628636e-02 3.253440e-02
3.599050e-02 3.253649e-02
3.569469e-02 3.253816e-02
3.539893e-02 3.253941e-02
3.510324e-02 3.254026e-02
3.480761e-02 3.254070e-02
3.451205e-02 3.254074e-02
3.421656e-02 3.254037e-02
3.392116e-02 3.253960e-02
3.362584e-02 3.253843e-02
3.333061e-02 3.253687e-02
3.303548e-02 3.253492e-02
3.274044e-02 3.253258e-02
3.244551e-02 3.252985e-02
3.215069e-02 3.252674e-02
3.185598e-02 3.252324e-02
3.156140e-02 3.251936e-02
3.126693e-02 3.251511e-02
3.097259e-02 3.251048e-02
3.067839e-02 3.250548e-02
3.038432e-02 3.250011e-02
3.009039e-02 3.249437e-02
2.979661e-02 3.248827e-02
2.950298e-02 3.248181e-02
2.920950e-02 3.247498e-02
2.891619e-02 3.246780e-02
2.862303e-02 3.246026e-02
2.833005e-02 3.245237e-02
2.803724e-02 3.244413e-02
2.774461e-02 3.243554e-02
2.745215e-02 3.242660e-02
2.715989e-02 3.241732e-02
2.686781e-02 3.240770e-02
2.657593e-02 3.239775e-02
2.628424e-02 3.238745e-02
2.599276e-02 3.237682e-02
2.570149e-02 3.236586e-02
2.541042e-02 3.235457e-02
2.511957e-02 3.234296e-02
2.482894e-02 3.233102e-02
2.453853e-02 3.231875e-02
2.424835e-02 3.230617e-02
2.395840e-02 3.229326e-02
2.366869e-02 3.228005e-02
2.337921e-02 3.226651e-02
2.308997e-02 3.225267e-02
2.280099e-02 3.223852e-02
2.251225e-02 3.222406e-02
2.222376e-02 3.220929e-02
2.193554e-02 3.219423e-02
2.164757e-02 3.217886e-02
2.135987e-02 3.216319e-02
2.107244e-02 3.214723e-02
2.078528e-02 3.213097e-02
2.049840e-02 3.211442e-02
2.021180e-02 3.209759e-02
1.992548e-02 3.208046e-02
1.963944e-02 3.206305e-02
1.935370e-02 3.204535e-02
1.906825e-02 3.202737e-02
1.878310e-02 3.200912e-02
1.849824e-02 3.199058e-02
1.821369e-02 3.197177e-02
1.792945e-02 3.195268e-02
1.764552e-02 3.193333e-02
1.736190e-02 3.191370e-02
1.707860e-02 3.189381e-02
1.679562e-02 3.187365e-02
1.651296e-02 3.185323e-02
1.623063e-02 3.183254e-02
1.594863e-02 3.181160e-02
1.566696e-02 3.179039e-02
1.538562e-02 3.176894e-02
1.510462e-02 3.174722e-02
1.482397e-02 3.172526e-02
1.454366e-02 3.170304e-02
1.426370e-02 3.168057e-02
1.398408e-02 3.165786e-02
1.370482e-02 3.163490e-02
1.342592e-02 3.161170e-02
1.314738e-02 3.158826e-02
1.286919e-02 3.156458e-02
1.259138e-02 3.154066e-02
1.231392e-02 3.151650e-02
1.203684e-02 3.149211e-02
1.176013e-02 3.146749e-02
1.148380e-02 3.144263e-02
1.120784e-02 3.141755e-02
1.093227e-02 3.139224e-02
1.065707e-02 3.136670e-02
1.038226e-02 3.134094e-02
1.010784e-02 3.131495e-02
9.833813e-03 3.128875e-02
9.560174e-03 3.126232e-02
9.286931e-03 3.123568e-02
9.014086e-03 3.120882e-02
8.741639e-03 3.118175e-02
8.469595e-03 3.115446e-02
8.197955e-03 3.112696e-02
7.926722e-03 3.109926e-02
7.655897e-03 3.107134e-02
7.385482e-03 3.104322e-02
7.115481e-03 3.101489e-02
6.845895e-03 3.098636e-02
6.576726e-03 3.095762e-02
6.307976e-03 3.092869e-02
6.039648e-03 3.089955e-02
5.771742e-03 3.087022e-02
5.504262e-03 3.084069e-02
5.237209e-03 3.081097e-02
4.970586e-03 3.078105e-02
4.704393e-03 3.075094e-02
4.438633e-03 3.072064e-02
4.173308e-03 3.069015e-02
3.908419e-03 3.065947e-02
3.643968e-03 3.062861e-02
3.379957e-03 3.059756e-02
3.116388e-03 3.056633e-02
2.853263e-03 3.053491e-02
2.590582e-03 3.050331e-02
2.328348e-03 3.047154e-02
2.066563e-03 3.043958e-02
1.805227e-03 3.040745e-02
1.544343e-03 3.037514e-02
1.283911e-03 3.034265e-02
1.023934e-03 3.031000e-02
7.644129e-04 3.027717e-02
5.053490e-04 3.024417e-02
2.467439e-04 3.021100e-02
-1.140116e-05 3.017766e-02
-2.690847e-04 3.014415e-02
-5.263055e-04 3.011048e-02
-7.830622e-04 3.007664e-02
-1.039354e-03 3.004264e-02
-1.295178e-03 3.000847e-02
-1.550535e-03 2.997414e-02
-1.805423e-03 2.993966e-02
-2.059840e-03 2.990501e-02
-2.313787e-03 2.987021e-02
-2.567260e-03 2.983524e-02
-2.820260e-03 2.980013e-02
-3.072786e-03 2.976485e-02
-3.324836e-03 2.972943e-02
-3.576409e-03 2.969385e-02
-3.827504e-03 2.965811e-02
-4.078121e-03 2.962223e-02
-4.328258e-03 2.958620e-02
-4.577914e-03 2.955002e-02
-4.827089e-03 2.951369e-02
-5.075782e-03 2.947722e-02
-5.323992e-03 2.944059e-02
-5.571717e-03 2.940383e-02
-5.818958e-03 2.936692e-02
-6.065714e-03 2.932987e-02
-6.311983e-03 2.929267e-02
-6.557765e-03 2.925534e-02
-6.803059e-03 2.921786e-02
-7.047865e-03 2.918025e-02
-7.292182e-03 2.914250e-02
-7.536009e-03 2.910461e-02
-7.779346e-03 2.906658e-02
-8.022192e-03 2.902842e-02
-8.264546e-03 2.899013e-02
-8.506409e-03 2.895170e-02
-8.747779e-03 2.891314e-02
-8.988656e-03 2.887445e-02
-9.229040e-03 2.883562e-02
-9.468930e-03 2.879667e-02
-9.708325e-03 2.875758e-02
-9.947225e-03 2.871837e-02
-1.018563e-02 2.867903e-02
-1.042354e-02 2.863956e-02
-1.066095e-02 2.859997e-02
-1.089787e-02 2.856025e-02
-1.113429e-02 2.852041e-02
-1.137022e-02 2.848044e-02
-1.160565e-02 2.844035e-02
-1.184058e-02 2.840014e-02
-1.207501e-02 2.835980e-02
-1.230894e-02 2.831935e-02
-1.254238e-02 2.827877e-02
-1.277532e-02 2.823808e-02
-1.300776e-02 2.819727e-02
-1.323970e-02 2.815634e-02
-1.347115e-02 2.811529e-02
-1.370209e-02 2.807412e-02
-1.393254e-02 2.803285e-02
-1.416249e-02 2.799145e-02
-1.439193e-02 2.794994e-02
-1.462089e-02 2.790832e-02
-1.484934e-02 2.786658e-02
-1.507729e-02 2.782473e-02
-1.530474e-02 2.778277e-02
-1.553170e-02 2.774070e-02
-1.575816e-02 2.769852e-02
-1.598412e-02 2.765623e-02
-1.620958e-02 2.761383e-02
-1.643454e-02 2.757132e-02
-1.665900e-02 2.752870e-02
-1.688297e-02 2.748597e-02
-1.710644e-02 2.744314e-02
-1.732941e-02 2.740020e-02
-1.755188e-02 2.735716e-02
-1.777386e-02 2.731401e-02
-1.799534e-02 2.727076e-02
-1.821632e-02 2.722740e-02
-1.843681e-02 2.718394e-02
-1.865680e-02 2.714038e-02
-1.887629e-02 2.709671e-02
-1.909529e-02 2.705295e-02
-1.931379e-02 2.700908e-02
-1.953180e-02 2.696511e-02
-1.974931e-02 2.692104e-02
-1.996633e-02 2.687687e-02
-2.018286e-02 2.683261e-02
-2.039889e-02 2.678824e-02
-2.061443e-02 2.674378e-02
-2.082948e-02 2.669922e-02
-2.104403e-02 2.665456e-02
-2.125810e-02 2.660980e-02
-2.147167e-02 2.656495e-02
-2.168475e-02 2.652001e-02
-2.189734e-02 2.647497e-02
-2.210944e-02 2.642983e-02
-2.232105e-02 2.638460e-02
-2.253217e-02 2.633928e-02
-2.274281e-02 2.629386e-02
-2.295296e-02 2.624835e-02
-2.316261e-02 2.620275e-02
-2.337179e-02 2.615706e-02
-2.358047e-02 2.611128e-02
-2.378867e-02 2.606540e-02
-2.399639e-02 2.601944e-02
-2.420362e-02 2.597338e-02
-2.441037e-02 2.592724e-02
-2.461663e-02 2.588100e-02
-2.482242e-02 2.583468e-02
-2.502772e-02 2.578827e-02
-2.523254e-02 2.574177e-02
-2.543687e-02 2.569518e-02
-2.564073e-02 2.564851e-02
-2.584411e-02 2.560175e-02
-2.604701e-02 2.555490e-02
-2.624944e-02 2.550797e-02
-2.645138e-02 2.546095e-02
-2.665285e-02 2.541385e-02
-2.685384e-02 2.536666e-02
-2.705436e-02 2.531939e-02
-2.725441e-02 2.527204e-02
-2.745398e-02 2.522460e-02
-2.765307e-02 2.517708e-02
-2.785170e-02 2.512947e-02
-2.804985e-02 2.508179e-02
-2.824753e-02 2.503402e-02
-2.844475e-02 2.498617e-02
-2.864149e-02 2.493824e-02
-2.883777e-02 2.489022e-02
-2.903357e-02 2.484213e-02
-2.922891e-02 2.479396e-02
-2.942379e-02 2.474570e-02
-2.961820e-02 2.469737e-02
-2.981214e-02 2.464896e-02
-3.000563e-02 2.460047e-02
-3.019864e-02 2.455190e-02
-3.039120e-02 2.450325e-02
-3.058330e-02 2.445453e-02
-3.077493e-02 2.440573e-02
-3.096611e-02 2.435685e-02
-3.115682e-02 2.430789e-02
-3.134708e-02 2.425886e-02
-3.153688e-02 2.420975e-02
-3.172623e-02 2.416057e-02
-3.191512e-02 2.411131e-02
-3.210355e-02 2.406197e-02
-3.229153e-02 2.401256e-02
-3.247906e-02 2.396308e-02
-3.266614e-02 2.391352e-02
-3.285276e-02 2.386389e-02
-3.303894e-02 2.381419e-02
-3.322466e-02 2.376441e-02
-3.340994e-02 2.371456e-02
-3.359477e-02 2.366463e-02
-3.377915e-02 2.361464e-02
-3.396308e-02 2.356457e-02
-3.414657e-02 2.351443e-02
-3.432962e-02 2.346422e-02
-3.451222e-02 2.341394e-02
-3.469438e-02 2.336359e-02
-3.487609e-02 2.331316e-02
-3.505737e-02 2.326267e-02
-3.523821e-02 2.321211e-02
-3.541860e-02 2.316148e-02
-3.559856e-02 2.311078e-02
-3.577808e-02 2.306001e-02
-3.595716e-02 2.300917e-02
-3.613581e-02 2.295826e-02
-3.631402e-02 2.290729e-02
-3.649180e-02 2.285624e-02
-3.666915e-02 2.280513e-02
-3.684606e-02 2.275396e-02
-3.702254e-02 2.270271e-02
-3.719859e-02 2.265140e-02
-3.737421e-02 2.260003e-02
-3.754940e-02 2.254859e-02
-3.772416e-02 2.249708e-02
-3.789849e-02 2.244550e-02
-3.807240e-02 2.239387e-02
-3.824588e-02 2.234216e-02
-3.841894e-02 2.229040e-02
-3.859157e-02 2.223856e-02
-3.876378e-02 2.218667e-02
-3.893556e-02 2.213471e-02
-3.910693e-02 2.208269e-02
-3.927787e-02 2.203060e-02
-3.944839e-02 2.197846e-02
-3.961850e-02 2.192624e-02
-3.978818e-02 2.187397e-02
-3.995745e-02 2.182164e-02
-4.012630e-02 2.176924e-02
-4.029473e-02 2.171678e-02
-4.046275e-02 2.166427e-02
-4.063035e-02 2.161169e-02
-4.079754e-02 2.155905e-02
-4.096431e-02 2.150635e-02
-4.113068e-02 2.145359e-02
-4.129663e-02 2.140077e-02
-4.146217e-02 2.134789e-02
-4.162730e-02 2.129495e-02
-4.179202e-02 2.124196e-02
-4.195633e-02 2.118890e-02
-4.212023e-02 2.113579e-02
-4.228373e-02 2.108262e-02
-4.244682e-02 2.102939e-02
-4.260950e-02 2.097611e-02
-4.277178e-02 2.092276e-02
-4.293365e-02 2.086937e-02
-4.309512e-02 2.081591e-02
-4.325618e-02 2.076240e-02
-4.341685e-02 2.070883e-02
-4.357711e-02 2.065521e-02
-4.373697e-02 2.060153e-02
-4.389643e-02 2.054779e-02
-4.405549e-02 2.049401e-02
-4.421415e-02 2.044016e-02
-4.437241e-02 2.038627e-02
-4.453027e-02 2.033232e-02
-4.468773e-02 2.027831e-02
-4.484480e-02 2.022425e-02
-4.500148e-02 2.017014e-02
-4.515775e-02 2.011598e-02
-4.531363e-02 2.006176e-02
-4.546912e-02 2.000749e-02
-4.562421e-02 1.995317e-02
-4.577891e-02 1.989880e-02
-4.593322e-02 1.984438e-02
-4.608713e-02 1.978991e-02
-4.624065e-02 1.973538e-02
-4.639378e-02 1.968081e-02
-4.654652e-02 1.962618e-02
-4.669887e-02 1.957151e-02
-4.685083e-02 1.951678e-02
-4.700240e-02 1.946201e-02
-4.715358e-02 1.940718e-02
-4.730437e-02 1.935231e-02
-4.745478e-02 1.929739e-02
-4.760479e-02 1.924242e-02
-4.775442e-02 1.918741e-02
-4.790366e-02 1.913235e-02
-4.805252e-02 1.907723e-02
-4.820099e-02 1.902208e-02
-4.834908e-02 1.896687e-02
-4.849678e-02 1.891162e-02
-4.864409e-02 1.885632e-02
-4.879103e-02 1.880098e-02
-4.893757e-02 1.874559e-02
-4.908374e-02 1.869016e-02
-4.922952e-02 1.863468e-02
-4.937492e-02 1.857916e-02
-4.951993e-02 1.852359e-02
-4.966456e-02 1.846798e-02
-4.980882e-02 1.841233e-02
-4.995268e-02 1.835663e-02
-5.009617e-02 1.830089e-02
-5.023928e-02 1.824510e-02
-5.038201e-02 1.818927e-02
-5.052435e-02 1.813340e-02
-5.066632e-02 1.807749e-02
-5.080790e-02 1.802154e-02
-5.094911e-02 1.796555e-02
-5.108993e-02 1.790951e-02
-5.123038e-02 1.785343e-02
-5.137045e-02 1.779732e-02
-5.151013e-02 1.774116e-02
-5.164944e-02 1.768496e-02
-5.178837e-02 1.762873e-02
-5.192692e-02 1.757245e-02
-5.206510e-02 1.751614e-02
-5.220289e-02 1.745978e-02
-5.234031e-02 1.740339e-02
-5.247735e-02 1.734696e-02
-5.261401e-02 1.729049e-02
-5.275029e-02 1.723399e-02
-5.288619e-02 1.717745e-02
-5.302172e-02 1.712087e-02
-5.315687e-02 1.706425e-02
-5.329164e-02 1.700760e-02
-5.342604e-02 1.695091e-02
-5.356005e-02 1.689419e-02
-5.369369e-02 1.683743e-02
-5.382695e-02 1.678063e-02
-5.395983e-02 1.672380e-02
-5.409234e-02 1.666694e-02
-5.422447e-02 1.661004e-02
-5.435622e-02 1.655311e-02
-5.448759e-02 1.649614e-02
-5.461859e-02 1.643914e-02
-5.474920e-02 1.638211e-02
-5.487944e-02 1.632504e-02
-5.500931e-02 1.626794e-02
-5.513879e-02 1.621081e-02
-5.526789e-02 1.615365e-02
-5.539662e-02 1.609646e-02
-5.552497e-02 1.603923e-02
-5.565294e-02 1.598198e-02
-5.578053e-02 1.592469e-02
-5.590774e-02 1.586737e-02
-5.603457e-02 1.581002e-02
-5.616102e-02 1.575265e-02
-5.628710e-02 1.569524e-02
-5.641279e-02 1.563780e-02
-5.653811e-02 1.558034e-02
-5.666304e-02 1.552285e-02
-5.678759e-02 1.546532e-02
-5.691177e-02 1.540777e-02
-5.703556e-02 1.535020e-02
-5.715897e-02 1.529259e-02
-5.728200e-02 1.523496e-02
-5.740464e-02 1.517730e-02
-5.752691e-02 1.511961e-02
-5.764879e-02 1.506190e-02
-5.777029e-02 1.500416e-02
-5.789141e-02 1.494640e-02
-5.801214e-02 1.488861e-02
-5.813249e-02 1.483079e-02
-5.825246e-02 1.477295e-02
-5.837204e-02 1.471508e-02
-5.849124e-02 1.465720e-02
-5.861005e-02 1.459928e-02
-5.872848e-02 1.454134e-02
-5.884652e-02 1.448338e-02
-5.896417e-02 1.442540e-02
-5.908144e-02 1.436739e-02
-5.919832e-02 1.430936e-02
-5.931481e-02 1.425131e-02
-5.943091e-02 1.419324e-02
-5.954663e-02 1.413514e-02
-5.966195e-02 1.407702e-02
-5.977689e-02 1.401888e-02
-5.989144e-02 1.396072e-02
-6.000559e-02 1.390254e-02
-6.011936e-02 1.384434e-02
-6.023273e-02 1.378612e-02
-6.034571e-02 1.372788e-02
-6.045830e-02 1.366962e-02
-6.057049e-02 1.361134e-02
-6.068230e-02 1.355304e-02
-6.079370e-02 1.349472e-02
-6.090472e-02 1.343638e-02
-6.101533e-02 1.337803e-02
-6.112555e-02 1.331965e-02
-6.123538e-02 1.326126e-02
-6.134480e-02 1.320285e-02
-6.145383e-02 1.314443e-02
-6.156246e-02 1.308598e-02
-6.167070e-02 1.302752e-02
-6.177853e-02 1.296905e-02
-6.188596e-02 1.291055e-02
-6.199299e-02 1.285205e-02
-6.209962e-02 1.279352e-02
-6.220584e-02 1.273498e-02
-6.231167e-02 1.267643e-02
-6.241709e-02 1.261785e-02
-6.252210e-02 1.255927e-02
-6.262671e-02 1.250067e-02
-6.273092e-02 1.244206e-02
-6.283471e-02 1.238343e-02
-6.293811e-02 1.232479e-02
-6.304109e-02 1.226613e-02
-6.314366e-02 1.220746e-02
-6.324583e-02 1.214878e-02
-6.334758e-02 1.209009e-02
-6.344893e-02 1.203138e-02
-6.354986e-02 1.197266e-02
-6.365038e-02 1.191393e-02
-6.375048e-02 1.185518e-02
-6.385018e-02 1.179643e-02
-6.394946e-02 1.173766e-02
-6.404832e-02 1.167888e-02
-6.414676e-02 1.162009e-02
-6.424479e-02 1.156129e-02
-6.434240e-02 1.150248e-02
-6.443960e-02 1.144366e-02
-6.453637e-02 1.138483e-02
-6.463272e-02 1.132599e-02
-6.472865e-02 1.126714e-02
-6.482416e-02 1.120828e-02
-6.491925e-02 1.114941e-02
-6.501391e-02 1.109054e-02
-6.510815e-02 1.103165e-02
-6.520197e-02 1.097275e-02
-6.529535e-02 1.091385e-02
-6.538831e-02 1.085494e-02
-6.548084e-02 1.079602e-02
-6.557295e-02 1.073709e-02
-6.566462e-02 1.067815e-02
-6.575586e-02 1.061921e-02
-6.584668e-02 1.056026e-02
-6.593706e-02 1.050130e-02
-6.602700e-02 1.044234e-02
-6.611651e-02 1.038337e-02
-6.620559e-02 1.032439e-02
-6.629423e-02 1.026541e-02
-6.638244e-02 1.020642e-02
-6.647020e-02 1.014743e-02
-6.655753e-02 1.008842e-02
-6.664442e-02 1.002942e-02
-6.673087e-02 9.970406e-03
-6.681687e-02 9.911389e-03
-6.690244e-02 9.852367e-03
-6.698756e-02 9.793340e-03
-6.707224e-02 9.734309e-03
-6.715647e-02 9.675273e-03
-6.724026e-02 9.616232e-03
-6.732359e-02 9.557188e-03
-6.740649e-02 9.498139e-03
-6.748893e-02 9.439087e-03
-6.757092e-02 9.380031e-03
-6.765246e-02 9.320972e-03
-6.773355e-02 9.261909e-03
-6.781419e-02 9.202843e-03
-6.789438e-02 9.143774e-03
-6.797411e-02 9.084701e-03
-6.805338e-02 9.025627e-03
-6.813220e-02 8.966549e-03
-6.821056e-02 8.907469e-03
-6.828847e-02 8.848387e-03
-6.836591e-02 8.789303e-03
-6.844290e-02 8.730216e-03
-6.851942e-02 8.671128e-03
-6.859548e-02 8.612037e-03
-6.867108e-02 8.552946e-03
-6.874621e-02 8.493852e-03
-6.882088e-02 8.434757e-03
-6.889508e-02 8.375661e-03
-6.896882e-02 8.316564e-03
-6.904209e-02 8.257466e-03
-6.911489e-02 8.198367e-03
-6.918722e-02 8.139267e-03
-6.925908e-02 8.080166e-03
-6.933047e-02 8.021065e-03
-6.940139e-02 7.961963e-03
-6.947183e-02 7.902861e-03
-6.954180e-02 7.843759e-03
-6.961129e-02 7.784657e-03
-6.968031e-02 7.725554e-03
-6.974885e-02 7.666452e-03
-6.981691e-02 7.607350e-03
-6.988449e-02 7.548248e-03
-6.995159e-02 7.489147e-03
-7.001822e-02 7.430046e-03
-7.008436e-02 7.370946e-03
-7.015001e-02 7.311846e-03
-7.021519e-02 7.252747e-03
-7.027988e-02 7.193649e-03
-7.034408e-02 7.134552e-03
-7.040780e-02 7.075456e-03
-7.047103e-02 7.016361e-03
-7.053377e-02 6.957267e-03
-7.059602e-02 6.898174e-03
-7.065778e-02 6.839083e-03
-7.071905e-02 6.779993e-03
-7.077983e-02 6.720904e-03
-7.084012e-02 6.661817e-03
-7.089991e-02 6.602731e-03
-7.095921e-02 6.543648e-03
-7.101801e-02 6.484566e-03
-7.107631e-02 6.425485e-03
-7.113412e-02 6.366407e-03
-7.119143e-02 6.307330e-03
-7.124824e-02 6.248256e-03
-7.130455e-02 6.189183e-03
-7.136036e-02 6.130113e-03
-7.141567e-02 6.071045e-03
-7.147048e-02 6.011978e-03
-7.152478e-02 5.952914e-03
-7.157858e-02 5.893853e-03
-7.163188e-02 5.834793e-03
-7.168466e-02 5.775736e-03
-7.173694e-02 5.716681e-03
-7.178872e-02 5.657629e-03
-7.183998e-02 5.598579e-03
-7.189074e-02 5.539532e-03
-7.194099e-02 5.480487e-03
-7.199072e-02 5.421445e-03
-7.203995e-02 5.362405e-03
-7.208866e-02 5.303368e-03
-7.213686e-02 5.244334e-03
-7.218454e-02 5.185302e-03
-7.223171e-02 5.126273e-03
-7.227836e-02 5.067246e-03
-7.232450e-02 5.008223e-03
-7.237012e-02 4.949202e-03
-7.241523e-02 4.890184e-03
-7.245981e-02 4.831168e-03
-7.250388e-02 4.772156e-03
-7.254742e-02 4.713146e-03
-7.259045e-02 4.654139e-03
-7.263295e-02 4.595135e-03
-7.267493e-02 4.536134e-03
-7.271639e-02 4.477135e-03
-7.275732e-02 4.418139e-03
-7.279773e-02 4.359146e-03
-7.283762e-02 4.300156e-03
-7.287698e-02 4.241169e-03
-7.291581e-02 4.182185e-03
-7.295412e-02 4.123203e-03
-7.299190e-02 4.064225e-03
-7.302915e-02 4.005249e-03
-7.306587e-02 3.946276e-03
-7.310206e-02 3.887305e-03
-7.313773e-02 3.828338e-03
-7.317286e-02 3.769373e-03
-7.320746e-02 3.710411e-03
-7.324152e-02 3.651452e-03
-7.327506e-02 3.592495e-03
-7.330806e-02 3.533541e-03
-7.334053e-02 3.474590e-03
-7.337246e-02 3.415642e-03
-7.340386e-02 3.356696e-03
-7.343473e-02 3.297753e-03
-7.346505e-02 3.238812e-03
-7.349485e-02 3.179874e-03
-7.352410e-02 3.120939e-03
-7.355282e-02 3.062006e-03
-7.358099e-02 3.003076e-03
-7.360863e-02 2.944148e-03
-7.363573e-02 2.885222e-03
-7.366230e-02 2.826299e-03
-7.368832e-02 2.767379e-03
-7.371380e-02 2.708460e-03
-7.373874e-02 2.649544e-03
-7.376314e-02 2.590631e-03
-7.378699e-02 2.531719e-03
-7.381031e-02 2.472810e-03
-7.383308e-02 2.413903e-03
-7.385530e-02 2.354998e-03
-7.387699e-02 2.296095e-03
-7.389813e-02 2.237194e-03
-7.391873e-02 2.178295e-03
-7.393878e-02 2.119398e-03
-7.395828e-02 2.060503e-03
-7.397725e-02 2.001610e-03
-7.399566e-02 1.942718e-03
-7.401353e-02 1.883829e-03
-7.403085e-02 1.824941e-03
-7.404763e-02 1.766055e-03
-7.406386e-02 1.707170e-03
-7.407954e-02 1.648287e-03
-7.409468e-02 1.589406e-03
-7.410926e-02 1.530526e-03
-7.412330e-02 1.471648e-03
-7.413679e-02 1.412771e-03
-7.414973e-02 1.353895e-03
-7.416212e-02 1.295021e-03
-7.417397e-02 1.236148e-03
-7.418526e-02 1.177276e-03
-7.419600e-02 1.118405e-03
-7.420620e-02 1.059535e-03
-7.421584e-02 1.000666e-03
-7.422494e-02 9.417985e-04
-7.423348e-02 8.829316e-04
-7.424147e-02 8.240656e-04
-7.424892e-02 7.652004e-04
-7.425581e-02 7.063360e-04
-7.426215e-02 6.474722e-04
-7.426794e-02 5.886091e-04
-7.427318e-02 5.297465e-04
-7.427787e-02 4.708845e-04
-7.428200e-02 4.120229e-04
-7.428559e-02 3.531618e-04
-7.428862e-02 2.943009e-04
-7.429110e-02 2.354404e-04
-7.429303e-02 1.765801e-04
-7.429441e-02 1.177200e-04
-7.429524e-02 5.885995e-05
-7.429552e-02 2.349529e-18