-7.429552e-02 -2.349529e-18
-7.427787e-02 -4.708845e-04
-7.422494e-02 -9.417985e-04
-7.413679e-02 -1.412771e-03
-7.401353e-02 -1.883829e-03
-7.385530e-02 -2.354998e-03
-7.366230e-02 -2.826299e-03
-7.343473e-02 -3.297753e-03
-7.317286e-02 -3.769373e-03
-7.287698e-02 -4.241169e-03
-7.254742e-02 -4.713146e-03
-7.218454e-02 -5.185302e-03
-7.178872e-02 -5.657629e-03
-7.136036e-02 -6.130113e-03
-7.089991e-02 -6.602731e-03
-7.040780e-02 -7.075456e-03
-6.988449e-02 -7.548248e-03
-6.933047e-02 -8.021065e-03
-6.874621e-02 -8.493852e-03
-6.813220e-02 -8.966549e-03
-6.748893e-02 -9.439087e-03
-6.681687e-02 -9.911389e-03
-6.611651e-02 -1.038337e-02
-6.538831e-02 -1.085494e-02
-6.463272e-02 -1.132599e-02
-6.385018e-02 -1.179643e-02
-6.304109e-02 -1.226613e-02
-6.220584e-02 -1.273498e-02
-6.134480e-02 -1.320285e-02
-6.045830e-02 -1.366962e-02
-5.954663e-02 -1.413514e-02
-5.861005e-02 -1.459928e-02
-5.764879e-02 -1.506190e-02
-5.666304e-02 -1.552285e-02
-5.565294e-02 -1.598198e-02
-5.461859e-02 -1.643914e-02
-5.356005e-02 -1.689419e-02
-5.247735e-02 -1.734696e-02
-5.137045e-02 -1.779732e-02
-5.023928e-02 -1.824510e-02
-4.908374e-02 -1.869016e-02
-4.790366e-02 -1.913235e-02
-4.669887e-02 -1.957151e-02
-4.546912e-02 -2.000749e-02
-4.421415e-02 -2.044016e-02
-4.293365e-02 -2.086937e-02
-4.162730e-02 -2.129495e-02
-4.029473e-02 -2.171678e-02
-3.893556e-02 -2.213471e-02
-3.754940e-02 -2.254859e-02
-3.613581e-02 -2.295826e-02
-3.469438e-02 -2.336359e-02
-3.322466e-02 -2.376441e-02
-3.172623e-02 -2.416057e-02
-3.019864e-02 -2.455190e-02
-2.864149e-02 -2.493824e-02
-2.705436e-02 -2.531939e-02
-2.543687e-02 -2.569518e-02
-2.378867e-02 -2.606540e-02
-2.210944e-02 -2.642983e-02
-2.039889e-02 -2.678824e-02
-1.865680e-02 -2.714038e-02
-1.688297e-02 -2.748597e-02
-1.507729e-02 -2.782473e-02
-1.323970e-02 -2.815634e-02
-1.137022e-02 -2.848044e-02
-9.468930e-03 -2.879667e-02
-7.536009e-03 -2.910461e-02
-5.571717e-03 -2.940383e-02
-3.576409e-03 -2.969385e-02
-1.550535e-03 -2.997414e-02
5.053490e-04 -3.024417e-02
2.590582e-03 -3.050331e-02
4.704393e-03 -3.075094e-02
6.845895e-03 -3.098636e-02
9.014086e-03 -3.120882e-02
1.120784e-02 -3.141755e-02
1.342592e-02 -3.161170e-02
1.566696e-02 -3.179039e-02
1.792945e-02 -3.195268e-02
2.021180e-02 -3.209759e-02
2.251225e-02 -3.222406e-02
2.482894e-02 -3.233102e-02
2.715989e-02 -3.241732e-02
2.950298e-02 -3.248181e-02
3.185598e-02 -3.252324e-02
3.421656e-02 -3.254037e-02
3.658226e-02 -3.253190e-02
3.895051e-02 -3.249651e-02
4.131864e-02 -3.243285e-02
4.368388e-02 -3.233957e-02
4.604338e-02 -3.221529e-02
4.839418e-02 -3.205864e-02
5.073325e-02 -3.186825e-02
5.305750e-02 -3.164276e-02
5.536376e-02 -3.138086e-02
5.764879e-02 -3.108124e-02
5.990933e-02 -3.074267e-02
6.214206e-02 -3.036397e-02
6.434364e-02 -2.994401e-02
6.651068e-02 -2.948179e-02
6.863981e-02 -2.897635e-02
7.072765e-02 -2.842689e-02
7.277082e-02 -2.783271e-02
7.476595e-02 -2.719323e-02
7.670972e-02 -2.650805e-02
7.859882e-02 -2.577690e-02
8.043001e-02 -2.499970e-02
8.220010e-02 -2.417655e-02
8.390596e-02 -2.330773e-02
8.554457e-02 -2.239371e-02
8.711295e-02 -2.143519e-02
8.860826e-02 -2.043307e-02
9.002774e-02 -1.938846e-02
9.136876e-02 -1.830268e-02
9.262882e-02 -1.717728e-02
9.380554e-02 -1.601402e-02
9.489668e-02 -1.481485e-02
9.590017e-02 -1.358197e-02
9.681408e-02 -1.231773e-02
9.763664e-02 -1.102468e-02
9.836625e-02 -9.705558e-03
9.900151e-02 -8.363248e-03
9.954115e-02 -7.000781e-03
9.998414e-02 -5.621317e-03
1.003296e-01 -4.228120e-03
1.005768e-01 -2.824547e-03
1.007254e-01 -1.414018e-03
1.007749e-01 0.000000e+00
1.007254e-01 1.414018e-03
1.005768e-01 2.824547e-03
1.003296e-01 4.228120e-03
9.998414e-02 5.621317e-03
9.954115e-02 7.000781e-03
9.900151e-02 8.363248e-03
9.836625e-02 9.705558e-03
9.763664e-02 1.102468e-02
9.681408e-02 1.231773e-02
9.590017e-02 1.358197e-02
9.489668e-02 1.481485e-02
9.380554e-02 1.601402e-02
9.262882e-02 1.717728e-02
9.136876e-02 1.830268e-02
9.002774e-02 1.938846e-02
8.860826e-02 2.043307e-02
8.711295e-02 2.143519e-02
8.554457e-02 2.239371e-02
8.390596e-02 2.330773e-02
8.220010e-02 2.417655e-02
8.043001e-02 2.499970e-02
7.859882e-02 2.577690e-02
7.670972e-02 2.650805e-02
7.476595e-02 2.719323e-02
7.277082e-02 2.783271e-02
7.072765e-02 2.842689e-02
6.863981e-02 2.897635e-02
6.651068e-02 2.948179e-02
6.434364e-02 2.994401e-02
6.214206e-02 3.036397e-02
5.990933e-02 3.074267e-02
5.764879e-02 3.108124e-02
5.536376e-02 3.138086e-02
5.305750e-02 3.164276e-02
5.073325e-02 3.186825e-02
4.839418e-02 3.205864e-02
4.604338e-02 3.221529e-02
4.368388e-02 3.233957e-02
4.131864e-02 3.243285e-02
3.895051e-02 3.249651e-02
3.658226e-02 3.253190e-02
3.421656e-02 3.254037e-02
3.185598e-02 3.252324e-02
2.950298e-02 3.248181e-02
2.715989e-02 3.241732e-02
2.482894e-02 3.233102e-02
2.251225e-02 3.222406e-02
2.021180e-02 3.209759e-02
1.792945e-02 3.195268e-02
1.566696e-02 3.179039e-02
1.342592e-02 3.161170e-02
1.120784e-02 3.141755e-02
9.014086e-03 3.120882e-02
6.845895e-03 3.098636e-02
4.704393e-03 3.075094e-02
2.590582e-03 3.050331e-02
5.053490e-04 3.024417e-02
-1.550535e-03 2.997414e-02
-3.576409e-03 2.969385e-02
-5.571717e-03 2.940383e-02
-7.536009e-03 2.910461e-02
-9.468930e-03 2.879667e-02
-1.137022e-02 2.848044e-02
-1.323970e-02 2.815634e-02
-1.507729e-02 2.782473e-02
-1.688297e-02 2.748597e-02
-1.865680e-02 2.714038e-02
-2.039889e-02 2.678824e-02
-2.210944e-02 2.642983e-02
-2.378867e-02 2.606540e-02
-2.543687e-02 2.569518e-02
-2.705436e-02 2.531939e-02
-2.864149e-02 2.493824e-02
-3.019864e-02 2.455190e-02
-3.172623e-02 2.416057e-02
-3.322466e-02 2.376441e-02
-3.469438e-02 2.336359e-02
-3.613581e-02 2.295826e-02
-3.754940e-02 2.254859e-02
-3.893556e-02 2.213471e-02
-4.029473e-02 2.171678e-02
-4.162730e-02 2.129495e-02
-4.293365e-02 2.086937e-02
-4.421415e-02 2.044016e-02
-4.546912e-02 2.000749e-02
-4.669887e-02 1.957151e-02
-4.790366e-02 1.913235e-02
-4.908374e-02 1.869016e-02
-5.023928e-02 1.824510e-02
-5.137045e-02 1.779732e-02
-5.247735e-02 1.734696e-02
-5.356005e-02 1.689419e-02
-5.461859e-02 1.643914e-02
-5.565294e-02 1.598198e-02
-5.666304e-02 1.552285e-02
-5.764879e-02 1.506190e-02
-5.861005e-02 1.459928e-02
-5.954663e-02 1.413514e-02
-6.045830e-02 1.366962e-02
-6.134480e-02 1.320285e-02
-6.220584e-02 1.273498e-02
-6.304109e-02 1.226613e-02
-6.385018e-02 1.179643e-02
-6.463272e-02 1.132599e-02
-6.538831e-02 1.085494e-02
-6.611651e-02 1.038337e-02
-6.681687e-02 9.911389e-03
-6.748893e-02 9.439087e-03
-6.813220e-02 8.966549e-03
-6.874621e-02 8.493852e-03
-6.933047e-02 8.021065e-03
-6.988449e-02 7.548248e-03
-7.040780e-02 7.075456e-03
-7.089991e-02 6.602731e-03
-7.136036e-02 6.130113e-03
-7.178872e-02 5.657629e-03
-7.218454e-02 5.185302e-03
-7.254742e-02 4.713146e-03
-7.287698e-02 4.241169e-03
-7.317286e-02 3.769373e-03
-7.343473e-02 3.297753e-03
-7.366230e-02 2.826299e-03
-7.385530e-02 2.354998e-03
-7.401353e-02 1.883829e-03
-7.413679e-02 1.412771e-03
-7.422494e-02 9.417985e-04
-7.427787e-02 4.708845e-04
-7.429552e-02 2.349529e-18