-7.429552e-02 -2.349529e-18
-7.429110e-02 -2.354404e-04
-7.427787e-02 -4.708845e-04
-7.425581e-02 -7.063360e-04
-7.422494e-02 -9.417985e-04
-7.418526e-02 -1.177276e-03
-7.413679e-02 -1.412771e-03
-7.407954e-02 -1.648287e-03
-7.401353e-02 -1.883829e-03
-7.393878e-02 -2.119398e-03
-7.385530e-02 -2.354998e-03
-7.376314e-02 -2.590631e-03
-7.366230e-02 -2.826299e-03
-7.355282e-02 -3.062006e-03
-7.343473e-02 -3.297753e-03
-7.330806e-02 -3.533541e-03
-7.317286e-02 -3.769373e-03
-7.302915e-02 -4.005249e-03
-7.287698e-02 -4.241169e-03
-7.271639e-02 -4.477135e-03
-7.254742e-02 -4.713146e-03
-7.237012e-02 -4.949202e-03
-7.218454e-02 -5.185302e-03
-7.199072e-02 -5.421445e-03
-7.178872e-02 -5.657629e-03
-7.157858e-02 -5.893853e-03
-7.136036e-02 -6.130113e-03
-7.113412e-02 -6.366407e-03
-7.089991e-02 -6.602731e-03
-7.065778e-02 -6.839083e-03
-7.040780e-02 -7.075456e-03
-7.015001e-02 -7.311846e-03
-6.988449e-02 -7.548248e-03
-6.961129e-02 -7.784657e-03
-6.933047e-02 -8.021065e-03
-6.904209e-02 -8.257466e-03
-6.874621e-02 -8.493852e-03
-6.844290e-02 -8.730216e-03
-6.813220e-02 -8.966549e-03
-6.781419e-02 -9.202843e-03
-6.748893e-02 -9.439087e-03
-6.715647e-02 -9.675273e-03
-6.681687e-02 -9.911389e-03
-6.647020e-02 -1.014743e-02
-6.611651e-02 -1.038337e-02
-6.575586e-02 -1.061921e-02
-6.538831e-02 -1.085494e-02
-6.501391e-02 -1.109054e-02
-6.463272e-02 -1.132599e-02
-6.424479e-02 -1.156129e-02
-6.385018e-02 -1.179643e-02
-6.344893e-02 -1.203138e-02
-6.304109e-02 -1.226613e-02
-6.262671e-02 -1.250067e-02
-6.220584e-02 -1.273498e-02
-6.177853e-02 -1.296905e-02
-6.134480e-02 -1.320285e-02
-6.090472e-02 -1.343638e-02
-6.045830e-02 -1.366962e-02
-6.000559e-02 -1.390254e-02
-5.954663e-02 -1.413514e-02
-5.908144e-02 -1.436739e-02
-5.861005e-02 -1.459928e-02
-5.813249e-02 -1.483079e-02
-5.764879e-02 -1.506190e-02
-5.715897e-02 -1.529259e-02
-5.666304e-02 -1.552285e-02
-5.616102e-02 -1.575265e-02
-5.565294e-02 -1.598198e-02
-5.513879e-02 -1.621081e-02
-5.461859e-02 -1.643914e-02
-5.409234e-02 -1.666694e-02
-5.356005e-02 -1.689419e-02
-5.302172e-02 -1.712087e-02
-5.247735e-02 -1.734696e-02
-5.192692e-02 -1.757245e-02
-5.137045e-02 -1.779732e-02
-5.080790e-02 -1.802154e-02
-5.023928e-02 -1.824510e-02
-4.966456e-02 -1.846798e-02
-4.908374e-02 -1.869016e-02
-4.849678e-02 -1.891162e-02
-4.790366e-02 -1.913235e-02
-4.730437e-02 -1.935231e-02
-4.669887e-02 -1.957151e-02
-4.608713e-02 -1.978991e-02
-4.546912e-02 -2.000749e-02
-4.484480e-02 -2.022425e-02
-4.421415e-02 -2.044016e-02
-4.357711e-02 -2.065521e-02
-4.293365e-02 -2.086937e-02
-4.228373e-02 -2.108262e-02
-4.162730e-02 -2.129495e-02
-4.096431e-02 -2.150635e-02
-4.029473e-02 -2.171678e-02
-3.961850e-02 -2.192624e-02
-3.893556e-02 -2.213471e-02
-3.824588e-02 -2.234216e-02
-3.754940e-02 -2.254859e-02
-3.684606e-02 -2.275396e-02
-3.613581e-02 -2.295826e-02
-3.541860e-02 -2.316148e-02
-3.469438e-02 -2.336359e-02
-3.396308e-02 -2.356457e-02
-3.322466e-02 -2.376441e-02
-3.247906e-02 -2.396308e-02
-3.172623e-02 -2.416057e-02
-3.096611e-02 -2.435685e-02
-3.019864e-02 -2.455190e-02
-2.942379e-02 -2.474570e-02
-2.864149e-02 -2.493824e-02
-2.785170e-02 -2.512947e-02
-2.705436e-02 -2.531939e-02
-2.624944e-02 -2.550797e-02
-2.543687e-02 -2.569518e-02
-2.461663e-02 -2.588100e-02
-2.378867e-02 -2.606540e-02
-2.295296e-02 -2.624835e-02
-2.210944e-02 -2.642983e-02
-2.125810e-02 -2.660980e-02
-2.039889e-02 -2.678824e-02
-1.953180e-02 -2.696511e-02
-1.865680e-02 -2.714038e-02
-1.777386e-02 -2.731401e-02
-1.688297e-02 -2.748597e-02
-1.598412e-02 -2.765623e-02
-1.507729e-02 -2.782473e-02
-1.416249e-02 -2.799145e-02
-1.323970e-02 -2.815634e-02
-1.230894e-02 -2.831935e-02
-1.137022e-02 -2.848044e-02
-1.042354e-02 -2.863956e-02
-9.468930e-03 -2.879667e-02
-8.506409e-03 -2.895170e-02
-7.536009e-03 -2.910461e-02
-6.557765e-03 -2.925534e-02
-5.571717e-03 -2.940383e-02
-4.577914e-03 -2.955002e-02
-3.576409e-03 -2.969385e-02
-2.567260e-03 -2.983524e-02
-1.550535e-03 -2.997414e-02
-5.263055e-04 -3.011048e-02
5.053490e-04 -3.024417e-02
1.544343e-03 -3.037514e-02
2.590582e-03 -3.050331e-02
3.643968e-03 -3.062861e-02
4.704393e-03 -3.075094e-02
5.771742e-03 -3.087022e-02
6.845895e-03 -3.098636e-02
7.926722e-03 -3.109926e-02
9.014086e-03 -3.120882e-02
1.010784e-02 -3.131495e-02
1.120784e-02 -3.141755e-02
1.231392e-02 -3.151650e-02
1.342592e-02 -3.161170e-02
1.454366e-02 -3.170304e-02
1.566696e-02 -3.179039e-02
1.679562e-02 -3.187365e-02
1.792945e-02 -3.195268e-02
1.906825e-02 -3.202737e-02
2.021180e-02 -3.209759e-02
2.135987e-02 -3.216319e-02
2.251225e-02 -3.222406e-02
2.366869e-02 -3.228005e-02
2.482894e-02 -3.233102e-02
2.599276e-02 -3.237682e-02
2.715989e-02 -3.241732e-02
2.833005e-02 -3.245237e-02
2.950298e-02 -3.248181e-02
3.067839e-02 -3.250548e-02
3.185598e-02 -3.252324e-02
3.303548e-02 -3.253492e-02
3.421656e-02 -3.254037e-02
3.539893e-02 -3.253941e-02
3.658226e-02 -3.253190e-02
3.776623e-02 -3.251765e-02
3.895051e-02 -3.249651e-02
4.013476e-02 -3.246830e-02
4.131864e-02 -3.243285e-02
4.250180e-02 -3.239000e-02
4.368388e-02 -3.233957e-02
4.486453e-02 -3.228140e-02
4.604338e-02 -3.221529e-02
4.722005e-02 -3.214110e-02
4.839418e-02 -3.205864e-02
4.956537e-02 -3.196775e-02
5.073325e-02 -3.186825e-02
5.189743e-02 -3.175998e-02
5.305750e-02 -3.164276e-02
5.421308e-02 -3.151644e-02
5.536376e-02 -3.138086e-02
5.650913e-02 -3.123584e-02
5.764879e-02 -3.108124e-02
5.878233e-02 -3.091690e-02
5.990933e-02 -3.074267e-02
6.102938e-02 -3.055841e-02
6.214206e-02 -3.036397e-02
6.324695e-02 -3.015921e-02
6.434364e-02 -2.994401e-02
6.543168e-02 -2.971824e-02
6.651068e-02 -2.948179e-02
6.758020e-02 -2.923452e-02
6.863981e-02 -2.897635e-02
6.968911e-02 -2.870717e-02
7.072765e-02 -2.842689e-02
7.175503e-02 -2.813543e-02
7.277082e-02 -2.783271e-02
7.377460e-02 -2.751866e-02
7.476595e-02 -2.719323e-02
7.574446e-02 -2.685637e-02
7.670972e-02 -2.650805e-02
7.766130e-02 -2.614823e-02
7.859882e-02 -2.577690e-02
7.952185e-02 -2.539406e-02
8.043001e-02 -2.499970e-02
8.132289e-02 -2.459386e-02
8.220010e-02 -2.417655e-02
8.306125e-02 -2.374782e-02
8.390596e-02 -2.330773e-02
8.473386e-02 -2.285633e-02
8.554457e-02 -2.239371e-02
8.633772e-02 -2.191996e-02
8.711295e-02 -2.143519e-02
8.786991e-02 -2.093952e-02
8.860826e-02 -2.043307e-02
8.932764e-02 -1.991600e-02
9.002774e-02 -1.938846e-02
9.070822e-02 -1.885062e-02
9.136876e-02 -1.830268e-02
9.200906e-02 -1.774483e-02
9.262882e-02 -1.717728e-02
9.322774e-02 -1.660026e-02
9.380554e-02 -1.601402e-02
9.436194e-02 -1.541879e-02
9.489668e-02 -1.481485e-02
9.540951e-02 -1.420248e-02
9.590017e-02 -1.358197e-02
9.636844e-02 -1.295361e-02
9.681408e-02 -1.231773e-02
9.723688e-02 -1.167464e-02
9.763664e-02 -1.102468e-02
9.801315e-02 -1.036820e-02
9.836625e-02 -9.705558e-03
9.869576e-02 -9.037115e-03
9.900151e-02 -8.363248e-03
9.928335e-02 -7.684339e-03
9.954115e-02 -7.000781e-03
9.977479e-02 -6.312972e-03
9.998414e-02 -5.621317e-03
1.001691e-01 -4.926227e-03
1.003296e-01 -4.228120e-03
1.004655e-01 -3.527418e-03
1.005768e-01 -2.824547e-03
1.006635e-01 -2.119936e-03
1.007254e-01 -1.414018e-03
1.007625e-01 -7.072274e-04
1.007749e-01 0.000000e+00
1.007625e-01 7.072274e-04
1.007254e-01 1.414018e-03
1.006635e-01 2.119936e-03
1.005768e-01 2.824547e-03
1.004655e-01 3.527418e-03
1.003296e-01 4.228120e-03
1.001691e-01 4.926227e-03
9.998414e-02 5.621317e-03
9.977479e-02 6.312972e-03
9.954115e-02 7.000781e-03
9.928335e-02 7.684339e-03
9.900151e-02 8.363248e-03
9.869576e-02 9.037115e-03
9.836625e-02 9.705558e-03
9.801315e-02 1.036820e-02
9.763664e-02 1.102468e-02
9.723688e-02 1.167464e-02
9.681408e-02 1.231773e-02
9.636844e-02 1.295361e-02
9.590017e-02 1.358197e-02
9.540951e-02 1.420248e-02
9.489668e-02 1.481485e-02
9.436194e-02 1.541879e-02
9.380554e-02 1.601402e-02
9.322774e-02 1.660026e-02
9.262882e-02 1.717728e-02
9.200906e-02 1.774483e-02
9.136876e-02 1.830268e-02
9.070822e-02 1.885062e-02
9.002774e-02 1.938846e-02
8.932764e-02 1.991600e-02
8.860826e-02 2.043307e-02
8.786991e-02 2.093952e-02
8.711295e-02 2.143519e-02
8.633772e-02 2.191996e-02
8.554457e-02 2.239371e-02
8.473386e-02 2.285633e-02
8.390596e-02 2.330773e-02
8.306125e-02 2.374782e-02
8.220010e-02 2.417655e-02
8.132289e-02 2.459386e-02
8.043001e-02 2.499970e-02
7.952185e-02 2.539406e-02
7.859882e-02 2.577690e-02
7.766130e-02 2.614823e-02
7.670972e-02 2.650805e-02
7.574446e-02 2.685637e-02
7.476595e-02 2.719323e-02
7.377460e-02 2.751866e-02
7.277082e-02 2.783271e-02
7.175503e-02 2.813543e-02
7.072765e-02 2.842689e-02
6.968911e-02 2.870717e-02
6.863981e-02 2.897635e-02
6.758020e-02 2.923452e-02
6.651068e-02 2.948179e-02
6.543168e-02 2.971824e-02
6.434364e-02 2.994401e-02
6.324695e-02 3.015921e-02
6.214206e-02 3.036397e-02
6.102938e-02 3.055841e-02
5.990933e-02 3.074267e-02
5.878233e-02 3.091690e-02
5.764879e-02 3.108124e-02
5.650913e-02 3.123584e-02
5.536376e-02 3.138086e-02
5.421308e-02 3.151644e-02
5.305750e-02 3.164276e-02
5.189743e-02 3.175998e-02
5.073325e-02 3.186825e-02
4.956537e-02 3.196775e-02
4.839418e-02 3.205864e-02
4.722005e-02 3.214110e-02
4.604338e-02 3.221529e-02
4.486453e-02 3.228140e-02
4.368388e-02 3.233957e-02
4.250180e-02 3.239000e-02
4.131864e-02 3.243285e-02
4.013476e-02 3.246830e-02
3.895051e-02 3.249651e-02
3.776623e-02 3.251765e-02
3.658226e-02 3.253190e-02
3.539893e-02 3.253941e-02
3.421656e-02 3.254037e-02
3.303548e-02 3.253492e-02
3.185598e-02 3.252324e-02
3.067839e-02 3.250548e-02
2.950298e-02 3.248181e-02
2.833005e-02 3.245237e-02
2.715989e-02 3.241732e-02
2.599276e-02 3.237682e-02
2.482894e-02 3.233102e-02
2.366869e-02 3.228005e-02
2.251225e-02 3.222406e-02
2.135987e-02 3.216319e-02
2.021180e-02 3.209759e-02
1.906825e-02 3.202737e-02
1.792945e-02 3.195268e-02
1.679562e-02 3.187365e-02
1.566696e-02 3.179039e-02
1.454366e-02 3.170304e-02
1.342592e-02 3.161170e-02
1.231392e-02 3.151650e-02
1.120784e-02 3.141755e-02
1.010784e-02 3.131495e-02
9.014086e-03 3.120882e-02
7.926722e-03 3.109926e-02
6.845895e-03 3.098636e-02
5.771742e-03 3.087022e-02
4.704393e-03 3.075094e-02
3.643968e-03 3.062861e-02
2.590582e-03 3.050331e-02
1.544343e-03 3.037514e-02
5.053490e-04 3.024417e-02
-5.263055e-04 3.011048e-02
-1.550535e-03 2.997414e-02
-2.567260e-03 2.983524e-02
-3.576409e-03 2.969385e-02
-4.577914e-03 2.955002e-02
-5.571717e-03 2.940383e-02
-6.557765e-03 2.925534e-02
-7.536009e-03 2.910461e-02
-8.506409e-03 2.895170e-02
-9.468930e-03 2.879667e-02
-1.042354e-02 2.863956e-02
-1.137022e-02 2.848044e-02
-1.230894e-02 2.831935e-02
-1.323970e-02 2.815634e-02
-1.416249e-02 2.799145e-02
-1.507729e-02 2.782473e-02
-1.598412e-02 2.765623e-02
-1.688297e-02 2.748597e-02
-1.777386e-02 2.731401e-02
-1.865680e-02 2.714038e-02
-1.953180e-02 2.696511e-02
-2.039889e-02 2.678824e-02
-2.125810e-02 2.660980e-02
-2.210944e-02 2.642983e-02
-2.295296e-02 2.624835e-02
-2.378867e-02 2.606540e-02
-2.461663e-02 2.588100e-02
-2.543687e-02 2.569518e-02
-2.624944e-02 2.550797e-02
-2.705436e-02 2.531939e-02
-2.785170e-02 2.512947e-02
-2.864149e-02 2.493824e-02
-2.942379e-02 2.474570e-02
-3.019864e-02 2.455190e-02
-3.096611e-02 2.435685e-02
-3.172623e-02 2.416057e-02
-3.247906e-02 2.396308e-02
-3.322466e-02 2.376441e-02
-3.396308e-02 2.356457e-02
-3.469438e-02 2.336359e-02
-3.541860e-02 2.316148e-02
-3.613581e-02 2.295826e-02
-3.684606e-02 2.275396e-02
-3.754940e-02 2.254859e-02
-3.824588e-02 2.234216e-02
-3.893556e-02 2.213471e-02
-3.961850e-02 2.192624e-02
-4.029473e-02 2.171678e-02
-4.096431e-02 2.150635e-02
-4.162730e-02 2.129495e-02
-4.228373e-02 2.108262e-02
-4.293365e-02 2.086937e-02
-4.357711e-02 2.065521e-02
-4.421415e-02 2.044016e-02
-4.484480e-02 2.022425e-02
-4.546912e-02 2.000749e-02
-4.608713e-02 1.978991e-02
-4.669887e-02 1.957151e-02
-4.730437e-02 1.935231e-02
-4.790366e-02 1.913235e-02
-4.849678e-02 1.891162e-02
-4.908374e-02 1.869016e-02
-4.966456e-02 1.846798e-02
-5.023928e-02 1.824510e-02
-5.080790e-02 1.802154e-02
-5.137045e-02 1.779732e-02
-5.192692e-02 1.757245e-02
-5.247735e-02 1.734696e-02
-5.302172e-02 1.712087e-02
-5.356005e-02 1.689419e-02
-5.409234e-02 1.666694e-02
-5.461859e-02 1.643914e-02
-5.513879e-02 1.621081e-02
-5.565294e-02 1.598198e-02
-5.616102e-02 1.575265e-02
-5.666304e-02 1.552285e-02
-5.715897e-02 1.529259e-02
-5.764879e-02 1.506190e-02
-5.813249e-02 1.483079e-02
-5.861005e-02 1.459928e-02
-5.908144e-02 1.436739e-02
-5.954663e-02 1.413514e-02
-6.000559e-02 1.390254e-02
-6.045830e-02 1.366962e-02
-6.090472e-02 1.343638e-02
-6.134480e-02 1.320285e-02
-6.177853e-02 1.296905e-02
-6.220584e-02 1.273498e-02
-6.262671e-02 1.250067e-02
-6.304109e-02 1.226613e-02
-6.344893e-02 1.203138e-02
-6.385018e-02 1.179643e-02
-6.424479e-02 1.156129e-02
-6.463272e-02 1.132599e-02
-6.501391e-02 1.109054e-02
-6.538831e-02 1.085494e-02
-6.575586e-02 1.061921e-02
-6.611651e-02 1.038337e-02
-6.647020e-02 1.014743e-02
-6.681687e-02 9.911389e-03
-6.715647e-02 9.675273e-03
-6.748893e-02 9.439087e-03
-6.781419e-02 9.202843e-03
-6.813220e-02 8.966549e-03
-6.844290e-02 8.730216e-03
-6.874621e-02 8.493852e-03
-6.904209e-02 8.257466e-03
-6.933047e-02 8.021065e-03
-6.961129e-02 7.784657e-03
-6.988449e-02 7.548248e-03
-7.015001e-02 7.311846e-03
-7.040780e-02 7.075456e-03
-7.065778e-02 6.839083e-03
-7.089991e-02 6.602731e-03
-7.113412e-02 6.366407e-03
-7.136036e-02 6.130113e-03
-7.157858e-02 5.893853e-03
-7.178872e-02 5.657629e-03
-7.199072e-02 5.421445e-03
-7.218454e-02 5.185302e-03
-7.237012e-02 4.949202e-03
-7.254742e-02 4.713146e-03
-7.271639e-02 4.477135e-03
-7.287698e-02 4.241169e-03
-7.302915e-02 4.005249e-03
-7.317286e-02 3.769373e-03
-7.330806e-02 3.533541e-03
-7.343473e-02 3.297753e-03
-7.355282e-02 3.062006e-03
-7.366230e-02 2.826299e-03
-7.376314e-02 2.590631e-03
-7.385530e-02 2.354998e-03
-7.393878e-02 2.119398e-03
-7.401353e-02 1.883829e-03
-7.407954e-02 1.648287e-03
-7.413679e-02 1.412771e-03
-7.418526e-02 1.177276e-03
-7.422494e-02 9.417985e-04
-7.425581e-02 7.063360e-04
-7.427787e-02 4.708845e-04
-7.429110e-02 2.354404e-04
-7.429552e-02 2.349529e-18