0.000000e+00 0.000000e+00
0.000000e+00 0.000000e+00
0.000000e+00 0.000000e+00
0.000000e+00 0.000000e+00
0.000000e+00 0.000000e+00
0.000000e+00 0.000000e+00
0.000000e+00 0.000000e+00
0.000000e+00 0.000000e+00
0.000000e+00 0.000000e+00
0.000000e+00 0.000000e+00
0.000000e+00 0.000000e+00
0.000000e+00 0.000000e+00
0.000000e+00 0.000000e+00
0.000000e+00 0.000000e+00
0.000000e+00 0.000000e+00
0.000000e+00 0.000000e+00
0.000000e+00 0.000000e+00
0.000000e+00 0.000000e+00
0.000000e+00 0.000000e+00
0.000000e+00 0.000000e+00
0.000000e+00 0.000000e+00
0.000000e+00 0.000000e+00
0.000000e+00 0.000000e+00
0.000000e+00 0.000000e+00
0.000000e+00 0.000000e+00
0.000000e+00 0.000000e+00
2.287613e-04 7.940643e-03
1.988636e-04 8.976372e-03
1.623156e-04 9.897935e-03
1.193126e-04 1.067716e-02
7.021440e-05 1.128615e-02
1.555492e-05 1.169803e-02
-4.395117e-05 1.188767e-02
-1.074049e-04 1.183260e-02
-1.737235e-04 1.151387e-02
-2.416452e-04 1.091688e-02
-3.097391e-04 1.003220e-02
-3.764198e-04 8.856219e-03
-4.399681e-04 7.391822e-03
-4.985572e-04 5.648973e-03
-5.261231e-04 3.645233e-03
-5.590212e-04 1.406209e-03
-5.963824e-04 -1.034110e-03
-6.329313e-04 -3.633180e-03
-6.586233e-04 -6.339950e-03
-6.627123e-04 -9.095160e-03
-6.379378e-04 -1.183194e-02
-5.829380e-04 -1.447667e-02
-5.019395e-04 -1.695017e-02
-4.021052e-04 -1.916913e-02
-2.899882e-04 -2.104781e-02
-1.688348e-04 -2.250004e-02
-3.792955e-05 -2.344143e-02
1.059039e-04 -2.379188e-02
2.617872e-04 -2.347828e-02
4.338435e-04 -2.243742e-02
6.213577e-04 -2.061920e-02
8.159861e-04 -1.798949e-02
1.006781e-03 -1.453329e-02
1.183208e-03 -1.025765e-02
1.337247e-03 -5.194401e-03
1.463816e-03 5.975699e-04
1.559676e-03 7.030432e-03
1.621705e-03 1.398619e-02
1.645524e-03 2.131621e-02
1.625177e-03 2.884157e-02
1.553889e-03 3.635449e-02
1.425464e-03 4.362090e-02
1.235629e-03 5.038423e-02
9.828491e-04 5.637059e-02
6.684524e-04 6.129537e-02
2.963027e-04 6.487125e-02
-1.276142e-04 6.681763e-02
-5.953710e-04 6.687140e-02
-1.096947e-03 6.479892e-02
-1.619863e-03 6.040889e-02
-2.148846e-03 5.356594e-02
-2.665729e-03 4.420447e-02
-3.149694e-03 3.234224e-02
-3.577832e-03 1.809313e-02
-3.925903e-03 1.678371e-03
-4.169208e-03 -1.656454e-02
-4.283517e-03 -3.617609e-02
-4.246078e-03 -5.657313e-02
-4.036742e-03 -7.705228e-02
-3.639250e-03 -9.679924e-02
-3.042667e-03 -1.149050e-01
-2.242909e-03 -1.303894e-01
-1.244255e-03 -1.422330e-01
-6.074465e-05 -1.494165e-01
1.282657e-03 -1.509686e-01
2.749236e-03 -1.460209e-01
4.290147e-03 -1.338685e-01
5.844603e-03 -1.140345e-01
7.340736e-03 -8.633519e-02
8.697260e-03 -5.094313e-02
9.826031e-03 -8.443227e-03
1.063556e-02 4.012298e-02
1.103550e-02 9.323014e-02
1.094202e-02 1.488646e-01
1.028395e-02 2.045484e-01
9.009414e-03 2.573955e-01
7.092706e-03 3.042058e-01
4.540856e-03 3.415971e-01
1.399463e-03 3.661755e-01
-2.242842e-03 3.747404e-01
-6.251929e-03 3.645181e-01
-1.044833e-02 3.334125e-01
-1.461062e-02 2.802595e-01
-1.848239e-02 2.050663e-01
-2.178326e-02 1.092165e-01
-2.422366e-02 -4.382835e-03
-2.552338e-02 -1.312340e-01
-2.543289e-02 -2.652832e-01
-2.375667e-02 -3.990744e-01
-2.037681e-02 -5.240344e-01
-1.527522e-02 -6.308934e-01
-8.552330e-03 -7.102345e-01
-4.399886e-04 -7.531548e-01
8.693684e-03 -7.520053e-01
1.834953e-02 -7.011662e-01
2.791429e-02 -5.977979e-01
3.669007e-02 -4.425010e-01
4.393634e-02 -2.398088e-01
4.892305e-02 1.561997e-03
5.099214e-02 2.687726e-01
4.962344e-02 5.452854e-01
4.449935e-02 8.116783e-01
3.556199e-02 1.046839e+00
2.305595e-02 1.229494e+00
7.550019e-03 1.339977e+00
-1.006756e-02 1.362104e+00
-2.862391e-02 1.285004e+00
-4.672736e-02 1.104700e+00
-6.286238e-02 8.252865e-01
-7.550823e-02 4.595274e-01
-8.327330e-02 2.874490e-02
-8.503441e-02 -4.380627e-01
-8.006896e-02 -9.058982e-01
-6.816653e-02 -1.336180e+00
-4.970715e-02 -1.689769e+00
-2.569414e-02 -1.930417e+00
2.268015e-03 -2.028371e+00
3.205678e-02 -1.963815e+00
6.117674e-02 -1.729785e+00
8.696097e-02 -1.334182e+00
1.068157e-01 -8.005267e-01
1.184871e-01 -1.671951e-01
1.203226e-01 5.149979e-01
1.114954e-01 1.186801e+00
9.216137e-02 1.785827e+00
6.352079e-02 2.252668e+00
2.777121e-02 2.537155e+00
-1.205326e-02 2.604055e+00
-5.234378e-02 2.437500e+00
-8.925495e-02 2.043609e+00
-1.190855e-01 1.450934e+00
-1.386620e-01 7.086438e-01
-1.456874e-01 -1.174467e-01
-1.390177e-01 -9.506701e-01
-1.188372e-01 -1.710656e+00
-8.670934e-02 -2.321233e+00
-4.548902e-02 -2.718391e+00
9.088077e-04 -2.857512e+00
4.787288e-02 -2.719061e+00
9.056545e-02 -2.311916e+00
1.244527e-01 -1.673709e+00
1.458343e-01 -8.678033e-01
1.523025e-01 2.299232e-02
1.430623e-01 9.053982e-01
1.190617e-01 1.686247e+00
8.290634e-02 2.283291e+00
3.856529e-02 2.634765e+00
-9.090895e-03 2.706423e+00
-5.485873e-02 2.495188e+00
-9.380136e-02 2.029074e+00
-1.218061e-01 1.363539e+00
-1.360372e-01 5.748534e-01
-1.352386e-01 -2.486871e-01
-1.198574e-01 -1.016713e+00
-9.197717e-02 -1.646877e+00
-5.506652e-02 -2.074039e+00
-1.356570e-02 -2.257549e+00
2.764696e-02 -2.185723e+00
6.384793e-02 -1.876865e+00
9.104597e-02 -1.376550e+00
1.064649e-01 -7.514319e-01
1.088621e-01 -8.034453e-02
9.863551e-02 5.560195e-01
7.770783e-02 1.085350e+00
4.920967e-02 1.452404e+00
1.701772e-02 1.624968e+00
-1.477902e-02 1.596447e+00
-4.240655e-02 1.384990e+00
-6.285709e-02 1.029541e+00
-7.421227e-02 5.836019e-01
-7.580784e-02 1.076428e-01
-6.823120e-02 -3.388123e-01
-5.316282e-02 -7.044642e-01
-3.308955e-02 -9.520417e-01
-1.093171e-02 -1.061988e+00
1.036439e-02 -1.033651e+00
2.821264e-02 -8.839217e-01
4.070004e-02 -6.436223e-01
4.678567e-02 -3.522614e-01
4.636396e-02 -5.200761e-02
4.019224e-02 2.181890e-01
2.970412e-02 4.274825e-01
1.674636e-02 5.564046e-01
3.284881e-03 5.982212e-01
-8.874290e-03 5.583878e-01
-1.831111e-02 4.524013e-01
-2.413892e-02 3.025357e-01
-2.606163e-02 1.340424e-01
-2.434308e-02 -2.860444e-02
-1.970288e-02 -1.649104e-01
-1.316122e-02 -2.606371e-01
-5.860263e-03 -3.089407e-01
1.110144e-03 -3.103425e-01
6.857802e-03 -2.716682e-01
1.078682e-02 -2.042302e-01
1.264069e-02 -1.216097e-01
1.249034e-02 -3.741702e-02
1.067618e-02 3.663626e-02
7.719018e-03 9.210813e-02
4.217684e-03 1.245169e-01
7.506782e-04 1.333500e-01
-2.204037e-03 1.214932e-01
-4.321829e-03 9.425692e-02
-5.453139e-03 5.820577e-02
-5.615832e-03 1.999886e-02
-4.963996e-03 -1.459025e-02
-3.741715e-03 -4.135669e-02
-2.231256e-03 -5.799773e-02
-7.044823e-04 -6.410513e-02
6.156424e-04 -6.087589e-02
1.579258e-03 -5.063421e-02
2.118302e-03 -3.627146e-02
2.241094e-03 -2.070496e-02
2.016231e-03 -6.435883e-03
1.550289e-03 4.743624e-03
9.639881e-04 1.187718e-02
3.708907e-04 1.481707e-02
-1.385295e-04 1.407807e-02
-5.059702e-04 1.061884e-02
-7.074795e-04 5.600065e-03
-7.497898e-04 1.622595e-04
-6.625954e-04 -4.745734e-03
-4.888609e-04 -8.471045e-03
-2.751334e-04 -1.069163e-02
-6.342135e-05 -1.139121e-02
1.143846e-04 -1.079136e-02
2.392013e-04 -9.261462e-03
3.047583e-04 -7.225742e-03
3.155253e-04 -5.083462e-03
2.833801e-04 -3.152001e-03
2.238640e-04 -1.636851e-03
1.527478e-04 -6.270337e-04
8.341403e-05 -1.105860e-04
2.530221e-05 -2.667577e-06
-1.657800e-05 -1.785360e-04
-4.125073e-05 -5.046892e-04
-5.079480e-05 -8.634390e-04
-4.911589e-05 -1.168467e-03
-4.076853e-05 -1.371061e-03
-3.003937e-05 -1.458386e-03
-2.039149e-05 -1.446167e-03
-1.425869e-05 -1.368480e-03
-1.309386e-05 -1.267161e-03
-1.753351e-05 -1.182711e-03
-2.754869e-05 -1.147853e-03
-4.250493e-05 -1.184086e-03
-6.113305e-05 -1.301008e-03
-8.148942e-05 -1.497734e-03
-1.010283e-04 -1.765576e-03
-1.168960e-04 -2.091166e-03
-1.264798e-04 -2.459339e-03
-1.281227e-04 -2.855363e-03
-1.238419e-04 -3.266477e-03
-1.161043e-04 -3.682064e-03
-1.049522e-04 -4.093337e-03
-9.320866e-05 -4.493182e-03
-8.359602e-05 -4.875198e-03
-7.777787e-05 -5.232951e-03
-7.558582e-05 -5.559409e-03
-7.476155e-05 -5.846670e-03
-7.142395e-05 -6.085951e-03
-6.123439e-05 -6.267832e-03
-4.095300e-05 -6.382646e-03
-9.860503e-06 -6.420944e-03
2.953018e-05 -6.373935e-03
7.187391e-05 -6.233872e-03
7.968419e-05 -5.994329e-03
1.062233e-04 -5.650412e-03
1.328847e-04 -5.198906e-03
1.591348e-04 -4.638413e-03
1.844059e-04 -3.969512e-03
2.081042e-04 -3.194940e-03
2.296178e-04 -2.319806e-03
2.483255e-04 -1.351781e-03
2.636073e-04 -3.012459e-04
2.748555e-04 8.186514e-04
2.814882e-04 1.992046e-03
2.829636e-04 3.200507e-03
2.787956e-04 4.423266e-03
2.685710e-04 5.637503e-03
2.519654e-04 6.818637e-03
0.000000e+00 0.000000e+00
0.000000e+00 0.000000e+00
0.000000e+00 0.000000e+00
0.000000e+00 0.000000e+00
0.000000e+00 0.000000e+00
0.000000e+00 0.000000e+00
0.000000e+00 0.000000e+00
0.000000e+00 0.000000e+00
0.000000e+00 0.000000e+00
0.000000e+00 0.000000e+00
0.000000e+00 0.000000e+00
0.000000e+00 0.000000e+00
0.000000e+00 0.000000e+00
0.000000e+00 0.000000e+00
0.000000e+00 0.000000e+00
0.000000e+00 0.000000e+00
0.000000e+00 0.000000e+00
0.000000e+00 0.000000e+00
0.000000e+00 0.000000e+00
0.000000e+00 0.000000e+00
0.000000e+00 0.000000e+00
0.000000e+00 0.000000e+00
0.000000e+00 0.000000e+00
0.000000e+00 0.000000e+00
0.000000e+00 0.000000e+00
0.000000e+00 0.000000e+00
0.000000e+00 0.000000e+00
0.000000e+00 0.000000e+00
0.000000e+00 0.000000e+00
0.000000e+00 0.000000e+00
0.000000e+00 0.000000e+00
0.000000e+00 0.000000e+00
0.000000e+00 0.000000e+00
0.000000e+00 0.000000e+00
0.000000e+00 0.000000e+00
0.000000e+00 0.000000e+00
0.000000e+00 0.000000e+00
0.000000e+00 0.000000e+00
0.000000e+00 0.000000e+00
0.000000e+00 0.000000e+00
0.000000e+00 0.000000e+00
0.000000e+00 0.000000e+00
0.000000e+00 0.000000e+00
0.000000e+00 0.000000e+00
0.000000e+00 0.000000e+00
0.000000e+00 0.000000e+00
0.000000e+00 0.000000e+00
0.000000e+00 0.000000e+00
0.000000e+00 0.000000e+00
0.000000e+00 0.000000e+00
0.000000e+00 0.000000e+00
0.000000e+00 0.000000e+00
0.000000e+00 0.000000e+00
0.000000e+00 0.000000e+00
0.000000e+00 0.000000e+00
0.000000e+00 0.000000e+00
0.000000e+00 0.000000e+00
0.000000e+00 0.000000e+00
0.000000e+00 0.000000e+00
0.000000e+00 0.000000e+00
0.000000e+00 0.000000e+00
0.000000e+00 0.000000e+00
0.000000e+00 0.000000e+00
0.000000e+00 0.000000e+00
0.000000e+00 0.000000e+00
0.000000e+00 0.000000e+00
0.000000e+00 0.000000e+00
0.000000e+00 0.000000e+00
0.000000e+00 0.000000e+00
0.000000e+00 0.000000e+00
0.000000e+00 0.000000e+00
0.000000e+00 0.000000e+00
0.000000e+00 0.000000e+00
0.000000e+00 0.000000e+00
0.000000e+00 0.000000e+00
0.000000e+00 0.000000e+00
0.000000e+00 0.000000e+00
0.000000e+00 0.000000e+00
0.000000e+00 0.000000e+00
0.000000e+00 0.000000e+00
0.000000e+00 0.000000e+00
0.000000e+00 0.000000e+00
0.000000e+00 0.000000e+00
0.000000e+00 0.000000e+00
0.000000e+00 0.000000e+00
0.000000e+00 0.000000e+00
0.000000e+00 0.000000e+00
0.000000e+00 0.000000e+00
0.000000e+00 0.000000e+00
0.000000e+00 0.000000e+00
0.000000e+00 0.000000e+00
0.000000e+00 0.000000e+00
0.000000e+00 0.000000e+00
0.000000e+00 0.000000e+00
0.000000e+00 0.000000e+00
0.000000e+00 0.000000e+00
0.000000e+00 0.000000e+00
0.000000e+00 0.000000e+00
0.000000e+00 0.000000e+00
0.000000e+00 0.000000e+00
0.000000e+00 0.000000e+00
0.000000e+00 0.000000e+00
0.000000e+00 0.000000e+00
0.000000e+00 0.000000e+00
0.000000e+00 0.000000e+00
0.000000e+00 0.000000e+00
0.000000e+00 0.000000e+00
0.000000e+00 0.000000e+00
0.000000e+00 0.000000e+00
0.000000e+00 0.000000e+00
0.000000e+00 0.000000e+00
0.000000e+00 0.000000e+00
0.000000e+00 0.000000e+00
0.000000e+00 0.000000e+00
0.000000e+00 0.000000e+00
0.000000e+00 0.000000e+00
0.000000e+00 0.000000e+00
0.000000e+00 0.000000e+00
0.000000e+00 0.000000e+00
0.000000e+00 0.000000e+00
0.000000e+00 0.000000e+00
0.000000e+00 0.000000e+00
0.000000e+00 0.000000e+00
0.000000e+00 0.000000e+00
0.000000e+00 0.000000e+00
0.000000e+00 0.000000e+00
0.000000e+00 0.000000e+00
0.000000e+00 0.000000e+00
0.000000e+00 0.000000e+00
0.000000e+00 0.000000e+00
0.000000e+00 0.000000e+00
0.000000e+00 0.000000e+00
0.000000e+00 0.000000e+00
0.000000e+00 0.000000e+00
0.000000e+00 0.000000e+00
0.000000e+00 0.000000e+00
0.000000e+00 0.000000e+00
0.000000e+00 0.000000e+00
0.000000e+00 0.000000e+00
0.000000e+00 0.000000e+00
0.000000e+00 0.000000e+00
0.000000e+00 0.000000e+00
0.000000e+00 0.000000e+00
0.000000e+00 0.000000e+00
0.000000e+00 0.000000e+00
0.000000e+00 0.000000e+00
0.000000e+00 0.000000e+00
0.000000e+00 0.000000e+00
0.000000e+00 0.000000e+00
0.000000e+00 0.000000e+00
0.000000e+00 0.000000e+00
0.000000e+00 0.000000e+00
0.000000e+00 0.000000e+00
0.000000e+00 0.000000e+00
0.000000e+00 0.000000e+00
0.000000e+00 0.000000e+00
0.000000e+00 0.000000e+00
0.000000e+00 0.000000e+00
0.000000e+00 0.000000e+00
0.000000e+00 0.000000e+00
0.000000e+00 0.000000e+00
0.000000e+00 0.000000e+00
0.000000e+00 0.000000e+00
0.000000e+00 0.000000e+00
0.000000e+00 0.000000e+00
0.000000e+00 0.000000e+00
0.000000e+00 0.000000e+00
0.000000e+00 0.000000e+00
0.000000e+00 0.000000e+00
0.000000e+00 0.000000e+00
0.000000e+00 0.000000e+00
0.000000e+00 0.000000e+00
0.000000e+00 0.000000e+00
0.000000e+00 0.000000e+00
0.000000e+00 0.000000e+00
0.000000e+00 0.000000e+00
0.000000e+00 0.000000e+00
0.000000e+00 0.000000e+00
0.000000e+00 0.000000e+00
0.000000e+00 0.000000e+00
0.000000e+00 0.000000e+00
0.000000e+00 0.000000e+00
0.000000e+00 0.000000e+00
0.000000e+00 0.000000e+00
0.000000e+00 0.000000e+00
0.000000e+00 0.000000e+00
0.000000e+00 0.000000e+00
0.000000e+00 0.000000e+00
0.000000e+00 0.000000e+00
0.000000e+00 0.000000e+00
0.000000e+00 0.000000e+00
0.000000e+00 0.000000e+00
0.000000e+00 0.000000e+00
0.000000e+00 0.000000e+00
0.000000e+00 0.000000e+00
0.000000e+00 0.000000e+00
0.000000e+00 0.000000e+00
0.000000e+00 0.000000e+00
0.000000e+00 0.000000e+00
0.000000e+00 0.000000e+00
0.000000e+00 0.000000e+00
0.000000e+00 0.000000e+00
0.000000e+00 0.000000e+00
0.000000e+00 0.000000e+00
0.000000e+00 0.000000e+00
