-7.416956e-02 -1.472626e-03
-7.414782e-02 -2.208964e-03
-7.411739e-02 -2.945333e-03
-7.407829e-02 -3.681741e-03
-7.403051e-02 -4.418198e-03
-7.397408e-02 -5.154714e-03
-7.390902e-02 -5.891296e-03
-7.383534e-02 -6.627953e-03
-7.375307e-02 -7.364694e-03
-7.366223e-02 -8.101523e-03
-7.356284e-02 -8.838449e-03
-7.345494e-02 -9.575477e-03
-7.333855e-02 -1.031261e-02
-7.321372e-02 -1.104985e-02
-7.308047e-02 -1.178721e-02
-7.293884e-02 -1.252469e-02
-7.278888e-02 -1.326227e-02
-7.263062e-02 -1.399998e-02
-7.246411e-02 -1.473780e-02
-7.228939e-02 -1.547573e-02
-7.210651e-02 -1.621378e-02
-7.191553e-02 -1.695192e-02
-7.171648e-02 -1.769017e-02
-7.150942e-02 -1.842851e-02
-7.129441e-02 -1.916692e-02
-7.107150e-02 -1.990541e-02
-7.084074e-02 -2.064396e-02
-7.060219e-02 -2.138256e-02
-7.035590e-02 -2.212119e-02
-7.010195e-02 -2.285983e-02
-6.984037e-02 -2.359848e-02
-6.957125e-02 -2.433710e-02
-6.929462e-02 -2.507568e-02
-6.901056e-02 -2.581420e-02
-6.871913e-02 -2.655263e-02
-6.842038e-02 -2.729095e-02
-6.811438e-02 -2.802913e-02
-6.780119e-02 -2.876714e-02
-6.748086e-02 -2.950495e-02
-6.715346e-02 -3.024253e-02
-6.681905e-02 -3.097985e-02
-6.647769e-02 -3.171688e-02
-6.612943e-02 -3.245357e-02
-6.577434e-02 -3.318990e-02
-6.541247e-02 -3.392581e-02
-6.504387e-02 -3.466128e-02
-6.466861e-02 -3.539626e-02
-6.428673e-02 -3.613070e-02
-6.389829e-02 -3.686457e-02
-6.350333e-02 -3.759782e-02
-6.310192e-02 -3.833041e-02
-6.269409e-02 -3.906227e-02
-6.227989e-02 -3.979338e-02
-6.185937e-02 -4.052367e-02
-6.143257e-02 -4.125309e-02
-6.099952e-02 -4.198161e-02
-6.056028e-02 -4.270915e-02
-6.011486e-02 -4.343568e-02
-5.966332e-02 -4.416113e-02
-5.920567e-02 -4.488546e-02
-5.874196e-02 -4.560860e-02
-5.827219e-02 -4.633050e-02
-5.779641e-02 -4.705110e-02
-5.731464e-02 -4.777035e-02
-5.682688e-02 -4.848820e-02
-5.633316e-02 -4.920457e-02
-5.583350e-02 -4.991942e-02
-5.532790e-02 -5.063268e-02
-5.481638e-02 -5.134431e-02
-5.429893e-02 -5.205423e-02
-5.377557e-02 -5.276239e-02
-5.324629e-02 -5.346874e-02
-5.271110e-02 -5.417321e-02
-5.216998e-02 -5.487574e-02
-5.162293e-02 -5.557628e-02
-5.106995e-02 -5.627477e-02
-5.051100e-02 -5.697115e-02
-4.994610e-02 -5.766536e-02
-4.937520e-02 -5.835734e-02
-4.879830e-02 -5.904704e-02
-4.821536e-02 -5.973440e-02
-4.762637e-02 -6.041936e-02
-4.703129e-02 -6.110186e-02
-4.643010e-02 -6.178185e-02
-4.582276e-02 -6.245928e-02
-4.520923e-02 -6.313407e-02
-4.458948e-02 -6.380619e-02
-4.396347e-02 -6.447557e-02
-4.333115e-02 -6.514217e-02
-4.269249e-02 -6.580591e-02
-4.204744e-02 -6.646675e-02
-4.139594e-02 -6.712464e-02
-4.073796e-02 -6.777952e-02
-4.007344e-02 -6.843133e-02
-3.940234e-02 -6.908002e-02
-3.872458e-02 -6.972554e-02
-3.804014e-02 -7.036783e-02
-3.734894e-02 -7.100683e-02
-3.665094e-02 -7.164249e-02
-3.594607e-02 -7.227475e-02
-3.523429e-02 -7.290357e-02
-3.451552e-02 -7.352887e-02
-3.378973e-02 -7.415061e-02
-3.305685e-02 -7.476872e-02
-3.231681e-02 -7.538314e-02
-3.156958e-02 -7.599382e-02
-3.081508e-02 -7.660069e-02
-3.005327e-02 -7.720369e-02
-2.928408e-02 -7.780276e-02
-2.850747e-02 -7.839782e-02
-2.772339e-02 -7.898882e-02
-2.693177e-02 -7.957568e-02
-2.613258e-02 -8.015832e-02
-2.532576e-02 -8.073668e-02
-2.451127e-02 -8.131067e-02
-2.368907e-02 -8.188023e-02
-2.285910e-02 -8.244525e-02
-2.202135e-02 -8.300567e-02
-2.117576e-02 -8.356139e-02
-2.032230e-02 -8.411231e-02
-1.946095e-02 -8.465835e-02
-1.859168e-02 -8.519939e-02
-1.771446e-02 -8.573535e-02
-1.682928e-02 -8.626610e-02
-1.593612e-02 -8.679154e-02
-1.503497e-02 -8.731154e-02
-1.412582e-02 -8.782600e-02
-1.320866e-02 -8.833476e-02
-1.228351e-02 -8.883771e-02
-1.135036e-02 -8.933471e-02
-1.040923e-02 -8.982560e-02
-9.460140e-03 -9.031024e-02
-8.503103e-03 -9.078846e-02
-7.538150e-03 -9.126012e-02
-6.565315e-03 -9.172502e-02
-5.584636e-03 -9.218300e-02
-4.596159e-03 -9.263387e-02
-3.599935e-03 -9.307743e-02
-2.596021e-03 -9.351349e-02
-1.584480e-03 -9.394184e-02
-5.653838e-04 -9.436225e-02
4.611915e-04 -9.477451e-02
1.495162e-03 -9.517838e-02
2.536437e-03 -9.557362e-02
3.584919e-03 -9.595997e-02
4.640503e-03 -9.633718e-02
5.703077e-03 -9.670498e-02
6.772522e-03 -9.706309e-02
7.848711e-03 -9.741121e-02
8.931510e-03 -9.774907e-02
1.002078e-02 -9.807633e-02
1.111636e-02 -9.839270e-02
1.221811e-02 -9.869784e-02
1.332586e-02 -9.899142e-02
1.443943e-02 -9.927309e-02
1.555865e-02 -9.954249e-02
1.668333e-02 -9.979926e-02
1.781326e-02 -1.000430e-01
1.894826e-02 -1.002734e-01
2.008810e-02 -1.004900e-01
2.123258e-02 -1.006924e-01
2.238145e-02 -1.008802e-01
2.353450e-02 -1.010529e-01
2.469147e-02 -1.012102e-01
2.585211e-02 -1.013516e-01
2.701617e-02 -1.014766e-01
2.818339e-02 -1.015849e-01
2.935349e-02 -1.016758e-01
3.052620e-02 -1.017490e-01
3.170122e-02 -1.018039e-01
3.287826e-02 -1.018402e-01
3.405702e-02 -1.018572e-01
3.523720e-02 -1.018545e-01
3.641847e-02 -1.018315e-01
3.760053e-02 -1.017878e-01
3.878303e-02 -1.017228e-01
3.996565e-02 -1.016361e-01
4.114804e-02 -1.015270e-01
4.232987e-02 -1.013951e-01
4.351077e-02 -1.012399e-01
4.469039e-02 -1.010607e-01
4.586837e-02 -1.008571e-01
4.704433e-02 -1.006285e-01
4.821791e-02 -1.003745e-01
4.938872e-02 -1.000944e-01
5.055638e-02 -9.978772e-02
5.172051e-02 -9.945399e-02
5.288072e-02 -9.909268e-02
5.403660e-02 -9.870327e-02
5.518776e-02 -9.828524e-02
5.633379e-02 -9.783811e-02
5.747429e-02 -9.736138e-02
5.860886e-02 -9.685458e-02
5.973708e-02 -9.631725e-02
6.085853e-02 -9.574892e-02
6.197280e-02 -9.514915e-02
6.307948e-02 -9.451753e-02
6.417815e-02 -9.385364e-02
6.526837e-02 -9.315708e-02
6.634974e-02 -9.242749e-02
6.742184e-02 -9.166450e-02
6.848423e-02 -9.086780e-02
6.953651e-02 -9.003705e-02
7.057824e-02 -8.917198e-02
7.160901e-02 -8.827232e-02
7.262839e-02 -8.733784e-02
7.363597e-02 -8.636831e-02
7.463134e-02 -8.536357e-02
7.561407e-02 -8.432346e-02
7.658376e-02 -8.324785e-02
7.753999e-02 -8.213665e-02
7.848236e-02 -8.098981e-02
7.941046e-02 -7.980730e-02
8.032389e-02 -7.858912e-02
8.122226e-02 -7.733533e-02
8.210517e-02 -7.604600e-02
8.297223e-02 -7.472126e-02
8.382307e-02 -7.336126e-02
8.465730e-02 -7.196619e-02
8.547454e-02 -7.053628e-02
8.627444e-02 -6.907183e-02
8.705664e-02 -6.757312e-02
8.782076e-02 -6.604053e-02
8.856648e-02 -6.447445e-02
8.929344e-02 -6.287531e-02
9.000131e-02 -6.124359e-02
9.068976e-02 -5.957982e-02
9.135848e-02 -5.788455e-02
9.200715e-02 -5.615839e-02
9.263547e-02 -5.440198e-02
9.324315e-02 -5.261600e-02
9.382989e-02 -5.080118e-02
9.439543e-02 -4.895828e-02
9.493949e-02 -4.708812e-02
9.546181e-02 -4.519152e-02
9.596214e-02 -4.326937e-02
9.644026e-02 -4.132259e-02
9.689592e-02 -3.935213e-02
9.732890e-02 -3.735897e-02
9.773901e-02 -3.534415e-02
9.812603e-02 -3.330870e-02
9.848979e-02 -3.125373e-02
9.883010e-02 -2.918033e-02
9.914681e-02 -2.708966e-02
9.943975e-02 -2.498288e-02
9.970879e-02 -2.286119e-02
9.995379e-02 -2.072580e-02
1.001746e-01 -1.857795e-02
1.003712e-01 -1.641891e-02
1.005434e-01 -1.424993e-02
1.006912e-01 -1.207233e-02
1.008145e-01 -9.887395e-03
1.009131e-01 -7.696449e-03
1.009872e-01 -5.500817e-03
1.010366e-01 -3.301833e-03
1.010613e-01 -1.100835e-03
1.010613e-01 1.100835e-03
1.010366e-01 3.301833e-03
1.009872e-01 5.500817e-03
1.009131e-01 7.696449e-03
1.008145e-01 9.887395e-03
1.006912e-01 1.207233e-02
1.005434e-01 1.424993e-02
1.003712e-01 1.641891e-02
1.001746e-01 1.857795e-02
9.995379e-02 2.072580e-02
9.970879e-02 2.286119e-02
9.943975e-02 2.498288e-02
9.914681e-02 2.708966e-02
9.883010e-02 2.918033e-02
9.848979e-02 3.125373e-02
9.812603e-02 3.330870e-02
9.773901e-02 3.534415e-02
9.732890e-02 3.735897e-02
9.689592e-02 3.935213e-02
9.644026e-02 4.132259e-02
9.596214e-02 4.326937e-02
9.546181e-02 4.519152e-02
9.493949e-02 4.708812e-02
9.439543e-02 4.895828e-02
9.382989e-02 5.080118e-02
9.324315e-02 5.261600e-02
9.263547e-02 5.440198e-02
9.200715e-02 5.615839e-02
9.135848e-02 5.788455e-02
9.068976e-02 5.957982e-02
9.000131e-02 6.124359e-02
8.929344e-02 6.287531e-02
8.856648e-02 6.447445e-02
8.782076e-02 6.604053e-02
8.705664e-02 6.757312e-02
8.627444e-02 6.907183e-02
8.547454e-02 7.053628e-02
8.465730e-02 7.196619e-02
8.382307e-02 7.336126e-02
8.297223e-02 7.472126e-02
8.210517e-02 7.604600e-02
8.122226e-02 7.733533e-02
8.032389e-02 7.858912e-02
7.941046e-02 7.980730e-02
7.848236e-02 8.098981e-02
7.753999e-02 8.213665e-02
7.658376e-02 8.324785e-02
7.561407e-02 8.432346e-02
7.463134e-02 8.536357e-02
7.363597e-02 8.636831e-02
7.262839e-02 8.733784e-02
7.160901e-02 8.827232e-02
7.057824e-02 8.917198e-02
6.953651e-02 9.003705e-02
6.848423e-02 9.086780e-02
6.742184e-02 9.166450e-02
6.634974e-02 9.242749e-02
6.526837e-02 9.315708e-02
6.417815e-02 9.385364e-02
6.307948e-02 9.451753e-02
6.197280e-02 9.514915e-02
6.085853e-02 9.574892e-02
5.973708e-02 9.631725e-02
5.860886e-02 9.685458e-02
5.747429e-02 9.736138e-02
5.633379e-02 9.783811e-02
5.518776e-02 9.828524e-02
5.403660e-02 9.870327e-02
5.288072e-02 9.909268e-02
5.172051e-02 9.945399e-02
5.055638e-02 9.978772e-02
4.938872e-02 1.000944e-01
4.821791e-02 1.003745e-01
4.704433e-02 1.006285e-01
4.586837e-02 1.008571e-01
4.469039e-02 1.010607e-01
4.351077e-02 1.012399e-01
4.232987e-02 1.013951e-01
4.114804e-02 1.015270e-01
3.996565e-02 1.016361e-01
3.878303e-02 1.017228e-01
3.760053e-02 1.017878e-01
3.641847e-02 1.018315e-01
3.523720e-02 1.018545e-01
3.405702e-02 1.018572e-01
3.287826e-02 1.018402e-01
3.170122e-02 1.018039e-01
3.052620e-02 1.017490e-01
2.935349e-02 1.016758e-01
2.818339e-02 1.015849e-01
2.701617e-02 1.014766e-01
2.585211e-02 1.013516e-01
2.469147e-02 1.012102e-01
2.353450e-02 1.010529e-01
2.238145e-02 1.008802e-01
2.123258e-02 1.006924e-01
2.008810e-02 1.004900e-01
1.894826e-02 1.002734e-01
1.781326e-02 1.000430e-01
1.668333e-02 9.979926e-02
1.555865e-02 9.954249e-02
1.443943e-02 9.927309e-02
1.332586e-02 9.899142e-02
1.221811e-02 9.869784e-02
1.111636e-02 9.839270e-02
1.002078e-02 9.807633e-02
8.931510e-03 9.774907e-02
7.848711e-03 9.741121e-02
6.772522e-03 9.706309e-02
5.703077e-03 9.670498e-02
4.640503e-03 9.633718e-02
3.584919e-03 9.595997e-02
2.536437e-03 9.557362e-02
1.495162e-03 9.517838e-02
4.611915e-04 9.477451e-02
-5.653838e-04 9.436225e-02
-1.584480e-03 9.394184e-02
-2.596021e-03 9.351349e-02
-3.599935e-03 9.307743e-02
-4.596159e-03 9.263387e-02
-5.584636e-03 9.218300e-02
-6.565315e-03 9.172502e-02
-7.538150e-03 9.126012e-02
-8.503103e-03 9.078846e-02
-9.460140e-03 9.031024e-02
-1.040923e-02 8.982560e-02
-1.135036e-02 8.933471e-02
-1.228351e-02 8.883771e-02
-1.320866e-02 8.833476e-02
-1.412582e-02 8.782600e-02
-1.503497e-02 8.731154e-02
-1.593612e-02 8.679154e-02
-1.682928e-02 8.626610e-02
-1.771446e-02 8.573535e-02
-1.859168e-02 8.519939e-02
-1.946095e-02 8.465835e-02
-2.032230e-02 8.411231e-02
-2.117576e-02 8.356139e-02
-2.202135e-02 8.300567e-02
-2.285910e-02 8.244525e-02
-2.368907e-02 8.188023e-02
-2.451127e-02 8.131067e-02
-2.532576e-02 8.073668e-02
-2.613258e-02 8.015832e-02
-2.693177e-02 7.957568e-02
-2.772339e-02 7.898882e-02
-2.850747e-02 7.839782e-02
-2.928408e-02 7.780276e-02
-3.005327e-02 7.720369e-02
-3.081508e-02 7.660069e-02
-3.156958e-02 7.599382e-02
-3.231681e-02 7.538314e-02
-3.305685e-02 7.476872e-02
-3.378973e-02 7.415061e-02
-3.451552e-02 7.352887e-02
-3.523429e-02 7.290357e-02
-3.594607e-02 7.227475e-02
-3.665094e-02 7.164249e-02
-3.734894e-02 7.100683e-02
-3.804014e-02 7.036783e-02
-3.872458e-02 6.972554e-02
-3.940234e-02 6.908002e-02
-4.007344e-02 6.843133e-02
-4.073796e-02 6.777952e-02
-4.139594e-02 6.712464e-02
-4.204744e-02 6.646675e-02
-4.269249e-02 6.580591e-02
-4.333115e-02 6.514217e-02
-4.396347e-02 6.447557e-02
-4.458948e-02 6.380619e-02
-4.520923e-02 6.313407e-02
-4.582276e-02 6.245928e-02
-4.643010e-02 6.178185e-02
-4.703129e-02 6.110186e-02
-4.762637e-02 6.041936e-02
-4.821536e-02 5.973440e-02
-4.879830e-02 5.904704e-02
-4.937520e-02 5.835734e-02
-4.994610e-02 5.766536e-02
-5.051100e-02 5.697115e-02
-5.106995e-02 5.627477e-02
-5.162293e-02 5.557628e-02
-5.216998e-02 5.487574e-02
-5.271110e-02 5.417321e-02
-5.324629e-02 5.346874e-02
-5.377557e-02 5.276239e-02
-5.429893e-02 5.205423e-02
-5.481638e-02 5.134431e-02
-5.532790e-02 5.063268e-02
-5.583350e-02 4.991942e-02
-5.633316e-02 4.920457e-02
-5.682688e-02 4.848820e-02
-5.731464e-02 4.777035e-02
-5.779641e-02 4.705110e-02
-5.827219e-02 4.633050e-02
-5.874196e-02 4.560860e-02
-5.920567e-02 4.488546e-02
-5.966332e-02 4.416113e-02
-6.011486e-02 4.343568e-02
-6.056028e-02 4.270915e-02
-6.099952e-02 4.198161e-02
-6.143257e-02 4.125309e-02
-6.185937e-02 4.052367e-02
-6.227989e-02 3.979338e-02
-6.269409e-02 3.906227e-02
-6.310192e-02 3.833041e-02
-6.350333e-02 3.759782e-02
-6.389829e-02 3.686457e-02
-6.428673e-02 3.613070e-02
-6.466861e-02 3.539626e-02
-6.504387e-02 3.466128e-02
-6.541247e-02 3.392581e-02
-6.577434e-02 3.318990e-02
-6.612943e-02 3.245357e-02
-6.647769e-02 3.171688e-02
-6.681905e-02 3.097985e-02
-6.715346e-02 3.024253e-02
-6.748086e-02 2.950495e-02
-6.780119e-02 2.876714e-02
-6.811438e-02 2.802913e-02
-6.842038e-02 2.729095e-02
-6.871913e-02 2.655263e-02
-6.901056e-02 2.581420e-02
-6.929462e-02 2.507568e-02
-6.957125e-02 2.433710e-02
-6.984037e-02 2.359848e-02
-7.010195e-02 2.285983e-02
-7.035590e-02 2.212119e-02
-7.060219e-02 2.138256e-02
-7.084074e-02 2.064396e-02
-7.107150e-02 1.990541e-02
-7.129441e-02 1.916692e-02
-7.150942e-02 1.842851e-02
-7.171648e-02 1.769017e-02
-7.191553e-02 1.695192e-02
-7.210651e-02 1.621378e-02
-7.228939e-02 1.547573e-02
-7.246411e-02 1.473780e-02
-7.263062e-02 1.399998e-02
-7.278888e-02 1.326227e-02
-7.293884e-02 1.252469e-02
-7.308047e-02 1.178721e-02
-7.321372e-02 1.104985e-02
-7.333855e-02 1.031261e-02
-7.345494e-02 9.575477e-03
-7.356284e-02 8.838449e-03
-7.366223e-02 8.101523e-03
-7.375307e-02 7.364694e-03
-7.383534e-02 6.627953e-03
-7.390902e-02 5.891296e-03
-7.397408e-02 5.154714e-03
-7.403051e-02 4.418198e-03
-7.407829e-02 3.681741e-03
-7.411739e-02 2.945333e-03
-7.414782e-02 2.208964e-03
-7.416956e-02 1.472626e-03
-7.416956e-02 1.472626e-03
