-7.416950e-02 -1.475491e-03
-7.414767e-02 -2.213262e-03
-7.411712e-02 -2.951063e-03
-7.407786e-02 -3.688905e-03
-7.402990e-02 -4.426795e-03
-7.397326e-02 -5.164744e-03
-7.390794e-02 -5.902761e-03
-7.383398e-02 -6.640853e-03
-7.375138e-02 -7.379028e-03
-7.366019e-02 -8.117293e-03
-7.356042e-02 -8.855655e-03
-7.345210e-02 -9.594119e-03
-7.333526e-02 -1.033269e-02
-7.320995e-02 -1.107137e-02
-7.307618e-02 -1.181017e-02
-7.293401e-02 -1.254908e-02
-7.278347e-02 -1.328811e-02
-7.262461e-02 -1.402725e-02
-7.245746e-02 -1.476651e-02
-7.228208e-02 -1.550589e-02
-7.209850e-02 -1.624537e-02
-7.190679e-02 -1.698496e-02
-7.170699e-02 -1.772464e-02
-7.149915e-02 -1.846442e-02
-7.128332e-02 -1.920428e-02
-7.105957e-02 -1.994421e-02
-7.082794e-02 -2.068420e-02
-7.058850e-02 -2.142423e-02
-7.034129e-02 -2.216430e-02
-7.008639e-02 -2.290438e-02
-6.982384e-02 -2.364446e-02
-6.955371e-02 -2.438452e-02
-6.927606e-02 -2.512453e-02
-6.899095e-02 -2.586448e-02
-6.869844e-02 -2.660434e-02
-6.839860e-02 -2.734409e-02
-6.809147e-02 -2.808369e-02
-6.777713e-02 -2.882312e-02
-6.745563e-02 -2.956236e-02
-6.712704e-02 -3.030136e-02
-6.679142e-02 -3.104009e-02
-6.644882e-02 -3.177852e-02
-6.609930e-02 -3.251662e-02
-6.574293e-02 -3.325434e-02
-6.537975e-02 -3.399165e-02
-6.500983e-02 -3.472851e-02
-6.463322e-02 -3.546487e-02
-6.424998e-02 -3.620069e-02
-6.386015e-02 -3.693593e-02
-6.346379e-02 -3.767054e-02
-6.306095e-02 -3.840448e-02
-6.265167e-02 -3.913769e-02
-6.223601e-02 -3.987014e-02
-6.181400e-02 -4.060176e-02
-6.138569e-02 -4.133251e-02
-6.095112e-02 -4.206234e-02
-6.051032e-02 -4.279119e-02
-6.006334e-02 -4.351901e-02
-5.961021e-02 -4.424574e-02
-5.915096e-02 -4.497134e-02
-5.868561e-02 -4.569574e-02
-5.821420e-02 -4.641889e-02
-5.773675e-02 -4.714073e-02
-5.725328e-02 -4.786121e-02
-5.676382e-02 -4.858026e-02
-5.626837e-02 -4.929784e-02
-5.576695e-02 -5.001387e-02
-5.525958e-02 -5.072831e-02
-5.474625e-02 -5.144109e-02
-5.422699e-02 -5.215216e-02
-5.370179e-02 -5.286145e-02
-5.317064e-02 -5.356891e-02
-5.263356e-02 -5.427447e-02
-5.209053e-02 -5.497809e-02
-5.154154e-02 -5.567969e-02
-5.098659e-02 -5.637923e-02
-5.042566e-02 -5.707664e-02
-4.985874e-02 -5.777186e-02
-4.928580e-02 -5.846484e-02
-4.870683e-02 -5.915552e-02
-4.812180e-02 -5.984384e-02
-4.753069e-02 -6.052974e-02
-4.693346e-02 -6.121316e-02
-4.633009e-02 -6.189406e-02
-4.572053e-02 -6.257236e-02
-4.510477e-02 -6.324803e-02
-4.448275e-02 -6.392099e-02
-4.385443e-02 -6.459120e-02
-4.321978e-02 -6.525859e-02
-4.257876e-02 -6.592312e-02
-4.193130e-02 -6.658473e-02
-4.127738e-02 -6.724336e-02
-4.061693e-02 -6.789895e-02
-3.994990e-02 -6.855146e-02
-3.927626e-02 -6.920083e-02
-3.859593e-02 -6.984700e-02
-3.790888e-02 -7.048991e-02
-3.721503e-02 -7.112952e-02
-3.651434e-02 -7.176577e-02
-3.580675e-02 -7.239859e-02
-3.509221e-02 -7.302794e-02
-3.437065e-02 -7.365375e-02
-3.364202e-02 -7.427597e-02
-3.290625e-02 -7.489453e-02
-3.216331e-02 -7.550939e-02
-3.141311e-02 -7.612047e-02
-3.065562e-02 -7.672772e-02
-2.989077e-02 -7.733106e-02
-2.911851e-02 -7.793045e-02
-2.833878e-02 -7.852580e-02
-2.755154e-02 -7.911705e-02
-2.675673e-02 -7.970413e-02
-2.595430e-02 -8.028697e-02
-2.514420e-02 -8.086548e-02
-2.432639e-02 -8.143960e-02
-2.350083e-02 -8.200924e-02
-2.266747e-02 -8.257432e-02
-2.182628e-02 -8.313475e-02
-2.097721e-02 -8.369044e-02
-2.012024e-02 -8.424130e-02
-1.925534e-02 -8.478722e-02
-1.838249e-02 -8.532811e-02
-1.750165e-02 -8.586387e-02
-1.661281e-02 -8.639438e-02
-1.571596e-02 -8.691952e-02
-1.481108e-02 -8.743918e-02
-1.389817e-02 -8.795323e-02
-1.297723e-02 -8.846154e-02
-1.204826e-02 -8.896398e-02
-1.111126e-02 -8.946040e-02
-1.016626e-02 -8.995066e-02
-9.213263e-03 -9.043460e-02
-8.252301e-03 -9.091206e-02
-7.283401e-03 -9.138288e-02
-6.306597e-03 -9.184688e-02
-5.321931e-03 -9.230388e-02
-4.329449e-03 -9.275368e-02
-3.329204e-03 -9.319610e-02
-2.321257e-03 -9.363093e-02
-1.305672e-03 -9.405796e-02
-2.825216e-04 -9.447697e-02
7.481138e-04 -9.488772e-02
1.786149e-03 -9.528999e-02
2.831490e-03 -9.568352e-02
3.884037e-03 -9.606806e-02
4.943682e-03 -9.644334e-02
6.010311e-03 -9.680910e-02
7.083803e-03 -9.716504e-02
8.164026e-03 -9.751088e-02
9.250844e-03 -9.784632e-02
1.034411e-02 -9.817104e-02
1.144368e-02 -9.848472e-02
1.254938e-02 -9.878703e-02
1.366106e-02 -9.907763e-02
1.477853e-02 -9.935616e-02
1.590161e-02 -9.962228e-02
1.703011e-02 -9.987559e-02
1.816383e-02 -1.001157e-01
1.930257e-02 -1.003423e-01
2.044610e-02 -1.005549e-01
2.159421e-02 -1.007532e-01
2.274667e-02 -1.009366e-01
2.390323e-02 -1.011048e-01
2.506366e-02 -1.012574e-01
2.622769e-02 -1.013938e-01
2.739507e-02 -1.015137e-01
2.856553e-02 -1.016165e-01
2.973880e-02 -1.017019e-01
3.091458e-02 -1.017692e-01
3.209259e-02 -1.018181e-01
3.327253e-02 -1.018480e-01
3.445410e-02 -1.018585e-01
3.563698e-02 -1.018490e-01
3.682085e-02 -1.018190e-01
3.800540e-02 -1.017680e-01
3.919028e-02 -1.016955e-01
4.037516e-02 -1.016009e-01
4.155970e-02 -1.014837e-01
4.274354e-02 -1.013434e-01
4.392633e-02 -1.011795e-01
4.510770e-02 -1.009914e-01
4.628730e-02 -1.007786e-01
4.746474e-02 -1.005405e-01
4.863965e-02 -1.002767e-01
4.981164e-02 -9.998649e-02
5.098034e-02 -9.966946e-02
5.214534e-02 -9.932507e-02
5.330626e-02 -9.895279e-02
5.446269e-02 -9.855210e-02
5.561424e-02 -9.812251e-02
5.676048e-02 -9.766352e-02
5.790103e-02 -9.717464e-02
5.903545e-02 -9.665539e-02
6.016335e-02 -9.610531e-02
6.128430e-02 -9.552394e-02
6.239788e-02 -9.491086e-02
6.350367e-02 -9.426563e-02
6.460126e-02 -9.358785e-02
6.569022e-02 -9.287714e-02
6.677012e-02 -9.213312e-02
6.784054e-02 -9.135544e-02
6.890105e-02 -9.054378e-02
6.995124e-02 -8.969784e-02
7.099068e-02 -8.881733e-02
7.201894e-02 -8.790199e-02
7.303561e-02 -8.695161e-02
7.404026e-02 -8.596598e-02
7.503248e-02 -8.494492e-02
7.601185e-02 -8.388830e-02
7.697795e-02 -8.279601e-02
7.793037e-02 -8.166796e-02
7.886871e-02 -8.050411e-02
7.979256e-02 -7.930445e-02
8.070152e-02 -7.806901e-02
8.159519e-02 -7.679784e-02
8.247318e-02 -7.549104e-02
8.333510e-02 -7.414874e-02
8.418056e-02 -7.277113e-02
8.500919e-02 -7.135841e-02
8.582062e-02 -6.991084e-02
8.661447e-02 -6.842871e-02
8.739039e-02 -6.691234e-02
8.814803e-02 -6.536213e-02
8.888703e-02 -6.377848e-02
8.960705e-02 -6.216185e-02
9.030777e-02 -6.051273e-02
9.098885e-02 -5.883169e-02
9.164998e-02 -5.711928e-02
9.229084e-02 -5.537614e-02
9.291115e-02 -5.360294e-02
9.351059e-02 -5.180038e-02
9.408890e-02 -4.996921e-02
9.464579e-02 -4.811022e-02
9.518100e-02 -4.622422e-02
9.569428e-02 -4.431209e-02
9.618537e-02 -4.237473e-02
9.665405e-02 -4.041308e-02
9.710008e-02 -3.842811e-02
9.752325e-02 -3.642083e-02
9.792336e-02 -3.439229e-02
9.830020e-02 -3.234355e-02
9.865361e-02 -3.027573e-02
9.898340e-02 -2.818996e-02
9.928941e-02 -2.608739e-02
9.957150e-02 -2.396923e-02
9.982953e-02 -2.183667e-02
1.000634e-01 -1.969096e-02
1.002729e-01 -1.753335e-02
1.004580e-01 -1.536512e-02
1.006187e-01 -1.318755e-02
1.007547e-01 -1.100195e-02
1.008661e-01 -8.809641e-03
1.009528e-01 -6.611951e-03
1.010148e-01 -4.410217e-03
1.010520e-01 -2.205784e-03
1.010644e-01 0.000000e+00
1.010520e-01 2.205784e-03
1.010148e-01 4.410217e-03
1.009528e-01 6.611951e-03
1.008661e-01 8.809641e-03
1.007547e-01 1.100195e-02
1.006187e-01 1.318755e-02
1.004580e-01 1.536512e-02
1.002729e-01 1.753335e-02
1.000634e-01 1.969096e-02
9.982953e-02 2.183667e-02
9.957150e-02 2.396923e-02
9.928941e-02 2.608739e-02
9.898340e-02 2.818996e-02
9.865361e-02 3.027573e-02
9.830020e-02 3.234355e-02
9.792336e-02 3.439229e-02
9.752325e-02 3.642083e-02
9.710008e-02 3.842811e-02
9.665405e-02 4.041308e-02
9.618537e-02 4.237473e-02
9.569428e-02 4.431209e-02
9.518100e-02 4.622422e-02
9.464579e-02 4.811022e-02
9.408890e-02 4.996921e-02
9.351059e-02 5.180038e-02
9.291115e-02 5.360294e-02
9.229084e-02 5.537614e-02
9.164998e-02 5.711928e-02
9.098885e-02 5.883169e-02
9.030777e-02 6.051273e-02
8.960705e-02 6.216185e-02
8.888703e-02 6.377848e-02
8.814803e-02 6.536213e-02
8.739039e-02 6.691234e-02
8.661447e-02 6.842871e-02
8.582062e-02 6.991084e-02
8.500919e-02 7.135841e-02
8.418056e-02 7.277113e-02
8.333510e-02 7.414874e-02
8.247318e-02 7.549104e-02
8.159519e-02 7.679784e-02
8.070152e-02 7.806901e-02
7.979256e-02 7.930445e-02
7.886871e-02 8.050411e-02
7.793037e-02 8.166796e-02
7.697795e-02 8.279601e-02
7.601185e-02 8.388830e-02
7.503248e-02 8.494492e-02
7.404026e-02 8.596598e-02
7.303561e-02 8.695161e-02
7.201894e-02 8.790199e-02
7.099068e-02 8.881733e-02
6.995124e-02 8.969784e-02
6.890105e-02 9.054378e-02
6.784054e-02 9.135544e-02
6.677012e-02 9.213312e-02
6.569022e-02 9.287714e-02
6.460126e-02 9.358785e-02
6.350367e-02 9.426563e-02
6.239788e-02 9.491086e-02
6.128430e-02 9.552394e-02
6.016335e-02 9.610531e-02
5.903545e-02 9.665539e-02
5.790103e-02 9.717464e-02
5.676048e-02 9.766352e-02
5.561424e-02 9.812251e-02
5.446269e-02 9.855210e-02
5.330626e-02 9.895279e-02
5.214534e-02 9.932507e-02
5.098034e-02 9.966946e-02
4.981164e-02 9.998649e-02
4.863965e-02 1.002767e-01
4.746474e-02 1.005405e-01
4.628730e-02 1.007786e-01
4.510770e-02 1.009914e-01
4.392633e-02 1.011795e-01
4.274354e-02 1.013434e-01
4.155970e-02 1.014837e-01
4.037516e-02 1.016009e-01
3.919028e-02 1.016955e-01
3.800540e-02 1.017680e-01
3.682085e-02 1.018190e-01
3.563698e-02 1.018490e-01
3.445410e-02 1.018585e-01
3.327253e-02 1.018480e-01
3.209259e-02 1.018181e-01
3.091458e-02 1.017692e-01
2.973880e-02 1.017019e-01
2.856553e-02 1.016165e-01
2.739507e-02 1.015137e-01
2.622769e-02 1.013938e-01
2.506366e-02 1.012574e-01
2.390323e-02 1.011048e-01
2.274667e-02 1.009366e-01
2.159421e-02 1.007532e-01
2.044610e-02 1.005549e-01
1.930257e-02 1.003423e-01
1.816383e-02 1.001157e-01
1.703011e-02 9.987559e-02
1.590161e-02 9.962228e-02
1.477853e-02 9.935616e-02
1.366106e-02 9.907763e-02
1.254938e-02 9.878703e-02
1.144368e-02 9.848472e-02
1.034411e-02 9.817104e-02
9.250844e-03 9.784632e-02
8.164026e-03 9.751088e-02
7.083803e-03 9.716504e-02
6.010311e-03 9.680910e-02
4.943682e-03 9.644334e-02
3.884037e-03 9.606806e-02
2.831490e-03 9.568352e-02
1.786149e-03 9.528999e-02
7.481138e-04 9.488772e-02
-2.825216e-04 9.447697e-02
-1.305672e-03 9.405796e-02
-2.321257e-03 9.363093e-02
-3.329204e-03 9.319610e-02
-4.329449e-03 9.275368e-02
-5.321931e-03 9.230388e-02
-6.306597e-03 9.184688e-02
-7.283401e-03 9.138288e-02
-8.252301e-03 9.091206e-02
-9.213263e-03 9.043460e-02
-1.016626e-02 8.995066e-02
-1.111126e-02 8.946040e-02
-1.204826e-02 8.896398e-02
-1.297723e-02 8.846154e-02
-1.389817e-02 8.795323e-02
-1.481108e-02 8.743918e-02
-1.571596e-02 8.691952e-02
-1.661281e-02 8.639438e-02
-1.750165e-02 8.586387e-02
-1.838249e-02 8.532811e-02
-1.925534e-02 8.478722e-02
-2.012024e-02 8.424130e-02
-2.097721e-02 8.369044e-02
-2.182628e-02 8.313475e-02
-2.266747e-02 8.257432e-02
-2.350083e-02 8.200924e-02
-2.432639e-02 8.143960e-02
-2.514420e-02 8.086548e-02
-2.595430e-02 8.028697e-02
-2.675673e-02 7.970413e-02
-2.755154e-02 7.911705e-02
-2.833878e-02 7.852580e-02
-2.911851e-02 7.793045e-02
-2.989077e-02 7.733106e-02
-3.065562e-02 7.672772e-02
-3.141311e-02 7.612047e-02
-3.216331e-02 7.550939e-02
-3.290625e-02 7.489453e-02
-3.364202e-02 7.427597e-02
-3.437065e-02 7.365375e-02
-3.509221e-02 7.302794e-02
-3.580675e-02 7.239859e-02
-3.651434e-02 7.176577e-02
-3.721503e-02 7.112952e-02
-3.790888e-02 7.048991e-02
-3.859593e-02 6.984700e-02
-3.927626e-02 6.920083e-02
-3.994990e-02 6.855146e-02
-4.061693e-02 6.789895e-02
-4.127738e-02 6.724336e-02
-4.193130e-02 6.658473e-02
-4.257876e-02 6.592312e-02
-4.321978e-02 6.525859e-02
-4.385443e-02 6.459120e-02
-4.448275e-02 6.392099e-02
-4.510477e-02 6.324803e-02
-4.572053e-02 6.257236e-02
-4.633009e-02 6.189406e-02
-4.693346e-02 6.121316e-02
-4.753069e-02 6.052974e-02
-4.812180e-02 5.984384e-02
-4.870683e-02 5.915552e-02
-4.928580e-02 5.846484e-02
-4.985874e-02 5.777186e-02
-5.042566e-02 5.707664e-02
-5.098659e-02 5.637923e-02
-5.154154e-02 5.567969e-02
-5.209053e-02 5.497809e-02
-5.263356e-02 5.427447e-02
-5.317064e-02 5.356891e-02
-5.370179e-02 5.286145e-02
-5.422699e-02 5.215216e-02
-5.474625e-02 5.144109e-02
-5.525958e-02 5.072831e-02
-5.576695e-02 5.001387e-02
-5.626837e-02 4.929784e-02
-5.676382e-02 4.858026e-02
-5.725328e-02 4.786121e-02
-5.773675e-02 4.714073e-02
-5.821420e-02 4.641889e-02
-5.868561e-02 4.569574e-02
-5.915096e-02 4.497134e-02
-5.961021e-02 4.424574e-02
-6.006334e-02 4.351901e-02
-6.051032e-02 4.279119e-02
-6.095112e-02 4.206234e-02
-6.138569e-02 4.133251e-02
-6.181400e-02 4.060176e-02
-6.223601e-02 3.987014e-02
-6.265167e-02 3.913769e-02
-6.306095e-02 3.840448e-02
-6.346379e-02 3.767054e-02
-6.386015e-02 3.693593e-02
-6.424998e-02 3.620069e-02
-6.463322e-02 3.546487e-02
-6.500983e-02 3.472851e-02
-6.537975e-02 3.399165e-02
-6.574293e-02 3.325434e-02
-6.609930e-02 3.251662e-02
-6.644882e-02 3.177852e-02
-6.679142e-02 3.104009e-02
-6.712704e-02 3.030136e-02
-6.745563e-02 2.956236e-02
-6.777713e-02 2.882312e-02
-6.809147e-02 2.808369e-02
-6.839860e-02 2.734409e-02
-6.869844e-02 2.660434e-02
-6.899095e-02 2.586448e-02
-6.927606e-02 2.512453e-02
-6.955371e-02 2.438452e-02
-6.982384e-02 2.364446e-02
-7.008639e-02 2.290438e-02
-7.034129e-02 2.216430e-02
-7.058850e-02 2.142423e-02
-7.082794e-02 2.068420e-02
-7.105957e-02 1.994421e-02
-7.128332e-02 1.920428e-02
-7.149915e-02 1.846442e-02
-7.170699e-02 1.772464e-02
-7.190679e-02 1.698496e-02
-7.209850e-02 1.624537e-02
-7.228208e-02 1.550589e-02
-7.245746e-02 1.476651e-02
-7.262461e-02 1.402725e-02
-7.278347e-02 1.328811e-02
-7.293401e-02 1.254908e-02
-7.307618e-02 1.181017e-02
-7.320995e-02 1.107137e-02
-7.333526e-02 1.033269e-02
-7.345210e-02 9.594119e-03
-7.356042e-02 8.855655e-03
-7.366019e-02 8.117293e-03
-7.375138e-02 7.379028e-03
-7.383398e-02 6.640853e-03
-7.390794e-02 5.902761e-03
-7.397326e-02 5.164744e-03
-7.402990e-02 4.426795e-03
-7.407786e-02 3.688905e-03
-7.411712e-02 2.951063e-03
-7.414767e-02 2.213262e-03
-7.416950e-02 1.475491e-03
-7.418260e-02 7.377405e-04